date,casual,registered,total
2010-09-20,34,178,212
2010-09-21,109,215,324
2010-09-22,117,260,377
2010-09-23,124,249,373
2010-09-24,156,206,362
2010-09-25,267,272,539
2010-09-26,230,307,537
2010-09-27,64,222,286
2010-09-28,101,310,411
2010-09-29,77,345,422
2010-09-30,19,140,159
2010-10-01,164,414,578
2010-10-02,397,442,839
2010-10-03,222,283,505
2010-10-04,58,268,326
2010-10-05,86,538,624
2010-10-06,94,569,663
2010-10-07,162,707,869
2010-10-08,218,696,914
2010-10-09,570,539,1109
2010-10-10,621,476,1097
2010-10-11,350,617,967
2010-10-12,248,832,1080
2010-10-13,237,894,1131
2010-10-14,72,501,573
2010-10-15,280,858,1138
2010-10-16,567,807,1374
2010-10-17,597,735,1332
2010-10-18,194,943,1137
2010-10-19,194,955,1149
2010-10-20,166,974,1140
2010-10-21,194,1135,1329
2010-10-22,237,1125,1362
2010-10-23,760,938,1698
2010-10-24,718,826,1544
2010-10-25,227,1100,1327
2010-10-26,267,1287,1554
2010-10-27,142,875,1017
2010-10-28,357,1338,1695
2010-10-29,416,1236,1652
2010-10-30,1157,1135,2292
2010-10-31,988,954,1942
2010-11-01,236,1215,1451
2010-11-02,182,1223,1405
2010-11-03,180,1310,1490
2010-11-04,45,544,589
2010-11-05,294,1560,1854
2010-11-06,604,1212,1816
2010-11-07,394,1020,1414
2010-11-08,163,1436,1599
2010-11-09,215,1719,1934
2010-11-10,226,1823,2049
2010-11-11,417,1632,2049
2010-11-12,396,1624,2020
2010-11-13,915,1350,2265
2010-11-14,822,1183,2005
2010-11-15,218,1518,1736
2010-11-16,62,710,772
2010-11-17,180,1743,1923
2010-11-18,191,1665,1856
2010-11-19,250,1705,1955
2010-11-20,837,1514,2351
2010-11-21,563,1189,1752
2010-11-22,257,1648,1905
2010-11-23,161,1604,1765
2010-11-24,157,1322,1479
2010-11-25,196,357,553
2010-11-26,197,581,778
2010-11-27,362,576,938
2010-11-28,207,737,944
2010-11-29,96,1388,1484
2010-11-30,94,1165,1259
2010-12-01,40,939,979
2010-12-02,89,1369,1458
2010-12-03,113,1473,1586
2010-12-04,246,958,1204
2010-12-05,166,845,1011
2010-12-06,48,1134,1182
2010-12-07,46,1026,1072
2010-12-08,59,1075,1134
2010-12-09,71,1197,1268
2010-12-10,73,1203,1276
2010-12-11,182,947,1129
2010-12-12,43,377,420
2010-12-13,46,987,1033
2010-12-14,38,806,844
2010-12-15,43,1006,1049
2010-12-16,12,657,669
2010-12-17,35,819,854
2010-12-18,84,739,823
2010-12-19,101,698,799
2010-12-20,54,971,1025
2010-12-21,50,986,1036
2010-12-22,100,997,1097
2010-12-23,61,677,738
2010-12-24,72,271,343
2010-12-25,102,86,188
2010-12-26,15,69,84
2010-12-27,26,272,298
2010-12-28,69,620,689
2010-12-29,111,812,923
2010-12-30,148,955,1103
2010-12-31,283,651,934
2011-01-01,330,629,959
2011-01-02,130,651,781
2011-01-03,120,1181,1301
2011-01-04,107,1429,1536
2011-01-05,82,1489,1571
2011-01-06,88,1485,1573
2011-01-07,148,1345,1493
2011-01-08,68,871,939
2011-01-09,54,748,802
2011-01-10,41,1257,1298
2011-01-11,43,1188,1231
2011-01-12,25,1116,1141
2011-01-13,37,1346,1383
2011-01-14,54,1330,1384
2011-01-15,222,1018,1240
2011-01-16,251,937,1188
2011-01-17,117,876,993
2011-01-18,9,663,672
2011-01-19,78,1553,1631
2011-01-20,81,1815,1896
2011-01-21,73,1449,1522
2011-01-22,93,876,969
2011-01-23,150,827,977
2011-01-24,86,1319,1405
2011-01-25,186,1785,1971
2011-01-26,34,466,500
2011-01-27,15,409,424
2011-01-28,38,1113,1151
2011-01-29,123,947,1070
2011-01-30,140,944,1084
2011-01-31,42,1376,1418
2011-02-01,47,1284,1331
2011-02-02,72,1430,1502
2011-02-03,61,1473,1534
2011-02-04,88,1603,1691
2011-02-05,100,892,992
2011-02-06,354,1249,1603
2011-02-07,119,1568,1687
2011-02-08,64,1446,1510
2011-02-09,52,1540,1592
2011-02-10,46,1474,1520
2011-02-11,148,1576,1724
2011-02-12,288,1167,1455
2011-02-13,396,1162,1558
2011-02-14,207,1685,1892
2011-02-15,139,1641,1780
2011-02-16,218,1861,2079
2011-02-17,258,2185,2443
2011-02-18,578,2314,2892
2011-02-19,532,1077,1609
2011-02-20,639,1148,1787
2011-02-21,195,898,1093
2011-02-22,74,1358,1432
2011-02-23,139,1740,1879
2011-02-24,100,1686,1786
2011-02-25,120,1323,1443
2011-02-26,424,1519,1943
2011-02-27,694,1677,2371
2011-02-28,80,1350,1430
2011-03-01,137,1695,1832
2011-03-02,231,1878,2109
2011-03-03,123,1536,1659
2011-03-04,214,1709,1923
2011-03-05,640,1414,2054
2011-03-06,113,469,582
2011-03-07,243,1599,1842
2011-03-08,316,1781,2097
2011-03-09,191,1677,1868
2011-03-10,46,570,616
2011-03-11,247,1706,1953
2011-03-12,724,1380,2104
2011-03-13,979,1396,2375
2011-03-14,359,1673,2032
2011-03-15,288,1736,2024
2011-03-16,321,1851,2172
2011-03-17,423,2295,2718
2011-03-18,883,2311,3194
2011-03-19,1422,1634,3056
2011-03-20,1046,1372,2418
2011-03-21,401,1657,2058
2011-03-22,460,2207,2667
2011-03-23,203,1898,2101
2011-03-24,166,1678,1844
2011-03-25,300,1886,2186
2011-03-26,981,1477,2458
2011-03-27,470,1195,1665
2011-03-28,222,1782,2004
2011-03-29,317,2080,2397
2011-03-30,168,1351,1519
2011-03-31,179,1489,1668
2011-04-01,307,1885,2192
2011-04-02,897,1328,2225
2011-04-03,1651,1561,3212
2011-04-04,734,2345,3079
2011-04-05,167,1601,1768
2011-04-06,413,2363,2776
2011-04-07,570,2431,3001
2011-04-08,172,1282,1454
2011-04-09,879,1549,2428
2011-04-10,1188,1662,2850
2011-04-11,854,2450,3304
2011-04-12,257,1740,1997
2011-04-13,208,1920,2128
2011-04-14,527,2683,3210
2011-04-15,642,2441,3083
2011-04-16,121,654,775
2011-04-17,1555,2123,3678
2011-04-18,668,2701,3369
2011-04-19,409,2730,3139
2011-04-20,612,3286,3898
2011-04-21,743,3249,3992
2011-04-22,177,1471,1648
2011-04-23,1460,2510,3970
2011-04-24,1708,2408,4116
2011-04-25,772,3249,4021
2011-04-26,675,3656,4331
2011-04-27,545,3264,3809
2011-04-28,568,3428,3996
2011-04-29,877,3560,4437
2011-04-30,1963,3251,5214
2011-05-01,1137,2158,3295
2011-05-02,845,3484,4329
2011-05-03,603,3763,4366
2011-05-04,252,2343,2595
2011-05-05,611,3727,4338
2011-05-06,891,3645,4536
2011-05-07,1605,3011,4616
2011-05-08,1400,2845,4245
2011-05-09,661,3622,4283
2011-05-10,691,4042,4733
2011-05-11,550,3554,4104
2011-05-12,694,4076,4770
2011-05-13,690,3348,4038
2011-05-14,899,2453,3352
2011-05-15,1582,2902,4484
2011-05-16,772,3137,3909
2011-05-17,678,3389,4067
2011-05-18,535,3277,3812
2011-05-19,734,3769,4503
2011-05-20,907,3937,4844
2011-05-21,2254,3477,5731
2011-05-22,1576,3020,4596
2011-05-23,834,3390,4224
2011-05-24,659,3763,4422
2011-05-25,739,4178,4917
2011-05-26,757,3874,4631
2011-05-27,869,3753,4622
2011-05-28,2000,2693,4693
2011-05-29,2352,2391,4743
2011-05-30,1548,2499,4047
2011-05-31,671,3269,3940
2011-06-01,512,3419,3931
2011-06-02,736,4176,4912
2011-06-03,898,4344,5242
2011-06-04,1864,3384,5248
2011-06-05,1684,3175,4859
2011-06-06,670,3818,4488
2011-06-07,760,4023,4783
2011-06-08,675,3683,4358
2011-06-09,562,3327,3889
2011-06-10,814,3726,4540
2011-06-11,1727,3175,4902
2011-06-12,1467,2940,4407
2011-06-13,863,4106,4969
2011-06-14,726,4103,4829
2011-06-15,769,4354,5123
2011-06-16,544,3181,3725
2011-06-17,862,3910,4772
2011-06-18,1806,3248,5054
2011-06-19,1638,3038,4676
2011-06-20,697,3270,3967
2011-06-21,770,3999,4769
2011-06-22,655,3790,4445
2011-06-23,745,3979,4724
2011-06-24,969,3961,4930
2011-06-25,1781,3333,5114
2011-06-26,1918,3323,5241
2011-06-27,853,3802,4655
2011-06-28,729,3851,4580
2011-06-29,848,4307,5155
2011-06-30,1024,4432,5456
2011-07-01,1244,4052,5296
2011-07-02,2204,2848,5052
2011-07-03,2279,2312,4591
2011-07-04,3060,2915,5975
2011-07-05,1030,3584,4614
2011-07-06,783,3786,4569
2011-07-07,754,3753,4507
2011-07-08,689,3290,3979
2011-07-09,1987,3281,5268
2011-07-10,1744,3083,4827
2011-07-11,720,3320,4040
2011-07-12,661,3546,4207
2011-07-13,745,3544,4289
2011-07-14,888,4129,5017
2011-07-15,1318,4157,5475
2011-07-16,2417,3430,5847
2011-07-17,2005,3240,5245
2011-07-18,841,3563,4404
2011-07-19,751,3718,4469
2011-07-20,643,3630,4273
2011-07-21,631,3106,3737
2011-07-22,560,2788,3348
2011-07-23,986,2255,3241
2011-07-24,1049,2513,3562
2011-07-25,566,3224,3790
2011-07-26,749,3761,4510
2011-07-27,753,3849,4602
2011-07-28,606,3740,4346
2011-07-29,669,3150,3819
2011-07-30,1559,2858,4417
2011-07-31,1523,2739,4262
2011-08-01,729,3487,4216
2011-08-02,800,4004,4804
2011-08-03,467,3062,3529
2011-08-04,799,3730,4529
2011-08-05,1023,3795,4818
2011-08-06,1519,2726,4245
2011-08-07,1296,2441,3737
2011-08-08,845,3431,4276
2011-08-09,908,3642,4550
2011-08-10,884,3826,4710
2011-08-11,811,3926,4737
2011-08-12,1049,3799,4848
2011-08-13,1499,2586,4085
2011-08-14,1337,2437,3774
2011-08-15,774,3507,4281
2011-08-16,721,3952,4673
2011-08-17,668,3974,4642
2011-08-18,639,3117,3756
2011-08-19,797,3305,4102
2011-08-20,1914,3190,5104
2011-08-21,1247,2562,3809
2011-08-22,831,3868,4699
2011-08-23,1268,4550,5818
2011-08-24,941,4123,5064
2011-08-25,435,3055,3490
2011-08-26,768,3839,4607
2011-08-27,225,880,1105
2011-08-28,1414,2875,4289
2011-08-29,729,3847,4576
2011-08-30,772,4376,5148
2011-08-31,688,4311,4999
2011-09-01,783,4276,5059
2011-09-02,873,3809,4682
2011-09-03,1933,2493,4426
2011-09-04,2522,2379,4901
2011-09-05,1236,2074,3310
2011-09-06,204,2462,2666
2011-09-07,118,1846,1964
2011-09-08,153,1657,1810
2011-09-09,417,3093,3510
2011-09-10,1749,3521,5270
2011-09-11,1633,3324,4957
2011-09-12,688,3950,4638
2011-09-13,701,4012,4713
2011-09-14,646,4090,4736
2011-09-15,428,3184,3612
2011-09-16,741,3952,4693
2011-09-17,1431,3031,4462
2011-09-18,1353,2875,4228
2011-09-19,688,3779,4467
2011-09-20,437,3156,3593
2011-09-21,537,3768,4305
2011-09-22,555,4188,4743
2011-09-23,258,2109,2367
2011-09-24,1777,3576,5353
2011-09-25,1544,3416,4960
2011-09-26,681,3906,4587
2011-09-27,476,3593,4069
2011-09-28,481,3396,3877
2011-09-29,653,4140,4793
2011-09-30,830,4320,5150
2011-10-01,476,1926,2402
2011-10-02,616,2268,2884
2011-10-03,330,3199,3529
2011-10-04,485,3920,4405
2011-10-05,559,4212,4771
2011-10-06,639,4078,4717
2011-10-07,949,3976,4925
2011-10-08,2233,3104,5337
2011-10-09,2397,3048,5445
2011-10-10,1513,3539,5052
2011-10-11,666,3837,4503
2011-10-12,217,2175,2392
2011-10-13,290,2592,2882
2011-10-14,528,3064,3592
2011-10-15,1896,3240,5136
2011-10-16,1748,3223,4971
2011-10-17,713,3806,4519
2011-10-18,635,4064,4699
2011-10-19,254,2144,2398
2011-10-20,471,3681,4152
2011-10-21,676,3582,4258
2011-10-22,1499,2749,4248
2011-10-23,1619,2707,4326
2011-10-24,698,3444,4142
2011-10-25,694,3936,4630
2011-10-26,404,3452,3856
2011-10-27,240,2389,2629
2011-10-28,455,3253,3708
2011-10-29,57,562,619
2011-10-30,885,2403,3288
2011-10-31,362,3271,3633
2011-11-01,410,3628,4038
2011-11-02,367,3769,4136
2011-11-03,317,3597,3914
2011-11-04,470,3533,4003
2011-11-05,1154,2733,3887
2011-11-06,952,2660,3612
2011-11-07,373,3602,3975
2011-11-08,376,3773,4149
2011-11-09,305,3752,4057
2011-11-10,190,2713,2903
2011-11-11,440,2897,3337
2011-11-12,1275,2758,4033
2011-11-13,1004,2680,3684
2011-11-14,594,3833,4427
2011-11-15,449,3712,4161
2011-11-16,145,1660,1805
2011-11-17,139,2886,3025
2011-11-18,243,3113,3356
2011-11-19,941,2679,3620
2011-11-20,787,2685,3472
2011-11-21,220,2510,2730
2011-11-22,69,1518,1587
2011-11-23,112,2423,2535
2011-11-24,559,918,1477
2011-11-25,1095,1677,2772
2011-11-26,1249,1776,3025
2011-11-27,808,2221,3029
2011-11-28,253,3559,3812
2011-11-29,96,2791,2887
2011-11-30,187,3389,3576
2011-12-01,182,3500,3682
2011-12-02,268,3633,3901
2011-12-03,705,2857,3562
2011-12-04,633,2808,3441
2011-12-05,233,3511,3744
2011-12-06,126,2437,2563
2011-12-07,50,648,698
2011-12-08,150,3145,3295
2011-12-09,259,3324,3583
2011-12-10,502,2658,3160
2011-12-11,376,2337,2713
2011-12-12,143,3121,3264
2011-12-13,154,3327,3481
2011-12-14,178,3515,3693
2011-12-15,180,3490,3670
2011-12-16,178,3359,3537
2011-12-17,275,2435,2710
2011-12-18,220,2182,2402
2011-12-19,259,3107,3366
2011-12-20,216,3498,3714
2011-12-21,107,2533,2640
2011-12-22,227,2801,3028
2011-12-23,163,2019,2182
2011-12-24,154,840,994
2011-12-25,303,439,742
2011-12-26,429,864,1293
2011-12-27,103,1049,1152
2011-12-28,255,2020,2275
2011-12-29,254,2149,2403
2011-12-30,491,2476,2967
2011-12-31,665,1792,2457
2012-01-01,688,1572,2260
2012-01-02,244,1693,1937
2012-01-03,89,2130,2219
2012-01-04,95,2262,2357
2012-01-05,140,3111,3251
2012-01-06,304,3750,4054
2012-01-07,1074,3406,4480
2012-01-08,601,2807,3408
2012-01-09,106,2219,2325
2012-01-10,173,3400,3573
2012-01-11,92,2074,2166
2012-01-12,270,3793,4063
2012-01-13,173,3017,3190
2012-01-14,333,2137,2470
2012-01-15,283,2009,2292
2012-01-16,217,2060,2277
2012-01-17,125,2788,2913
2012-01-18,109,3244,3353
2012-01-19,131,3147,3278
2012-01-20,114,3012,3126
2012-01-21,67,1217,1284
2012-01-22,196,1758,1954
2012-01-23,145,2266,2411
2012-01-24,439,3856,4295
2012-01-25,467,3767,4234
2012-01-26,243,3784,4027
2012-01-27,269,3149,3418
2012-01-28,776,3213,3989
2012-01-29,557,2649,3206
2012-01-30,126,3459,3585
2012-01-31,324,4152,4476
2012-02-01,304,4241,4545
2012-02-02,190,3547,3737
2012-02-03,310,3808,4118
2012-02-04,383,2414,2797
2012-02-05,317,2596,2913
2012-02-06,206,3551,3757
2012-02-07,200,4151,4351
2012-02-08,107,2676,2783
2012-02-09,161,3631,3792
2012-02-10,225,3572,3797
2012-02-11,192,1961,2153
2012-02-12,73,1440,1513
2012-02-13,94,3303,3397
2012-02-14,131,3754,3885
2012-02-15,141,3989,4130
2012-02-16,74,2908,2982
2012-02-17,349,3763,4112
2012-02-18,1435,2836,4271
2012-02-19,618,2051,2669
2012-02-20,502,2589,3091
2012-02-21,163,3586,3749
2012-02-22,393,4343,4736
2012-02-23,516,4499,5015
2012-02-24,246,3213,3459
2012-02-25,317,2372,2689
2012-02-26,515,2845,3360
2012-02-27,253,4033,4286
2012-02-28,229,4104,4333
2012-02-29,65,1750,1815
2012-03-01,324,4611,4935
2012-03-02,245,2909,3154
2012-03-03,955,3065,4020
2012-03-04,710,2668,3378
2012-03-05,203,3105,3308
2012-03-06,220,3705,3925
2012-03-07,432,4442,4874
2012-03-08,485,4839,5324
2012-03-09,447,4078,4525
2012-03-10,968,3104,4072
2012-03-11,1658,3207,4865
2012-03-12,838,4413,5251
2012-03-13,762,5026,5788
2012-03-14,998,5252,6250
2012-03-15,1005,5124,6129
2012-03-16,548,3782,4330
2012-03-17,3154,4601,7755
2012-03-18,2206,3626,5832
2012-03-19,982,5119,6101
2012-03-20,1051,4990,6041
2012-03-21,1120,5049,6169
2012-03-22,1334,5477,6811
2012-03-23,2468,5796,8264
2012-03-24,1033,2304,3337
2012-03-25,1532,3405,4937
2012-03-26,799,4713,5512
2012-03-27,531,4516,5047
2012-03-28,674,4965,5639
2012-03-29,834,5221,6055
2012-03-30,791,4620,5411
2012-03-31,2299,3873,6172
2012-04-01,2347,3632,5979
2012-04-02,1209,4672,5881
2012-04-03,1348,5357,6705
2012-04-04,1059,5324,6383
2012-04-05,1192,5196,6388
2012-04-06,1808,4603,6411
2012-04-07,3255,3551,6806
2012-04-08,2232,2895,5127
2012-04-09,905,4639,5544
2012-04-10,819,5048,5867
2012-04-11,482,4336,4818
2012-04-12,663,4689,5352
2012-04-13,1252,5080,6332
2012-04-14,2792,4575,7367
2012-04-15,2844,4211,7055
2012-04-16,1197,5106,6303
2012-04-17,988,5631,6619
2012-04-18,347,3987,4334
2012-04-19,845,5643,6488
2012-04-20,1341,5862,7203
2012-04-21,2540,4000,6540
2012-04-22,120,880,1000
2012-04-23,194,2964,3158
2012-04-24,515,5049,5564
2012-04-25,655,5482,6137
2012-04-26,475,4514,4989
2012-04-27,1013,5168,6181
2012-04-28,1120,3056,4176
2012-04-29,2230,4013,6243
2012-04-30,667,4861,5528
2012-05-01,653,5040,5693
2012-05-02,667,5435,6102
2012-05-03,764,5594,6358
2012-05-04,1069,5145,6214
2012-05-05,2498,4324,6822
2012-05-06,2138,4152,6290
2012-05-07,1007,5202,6209
2012-05-08,737,4952,5689
2012-05-09,620,4054,4674
2012-05-10,1027,5473,6500
2012-05-11,1317,5626,6943
2012-05-12,2623,4711,7334
2012-05-13,2171,3893,6064
2012-05-14,341,2478,2819
2012-05-15,624,4449,5073
2012-05-16,990,6265,7255
2012-05-17,1241,6046,7287
2012-05-18,1521,6035,7556
2012-05-19,3408,4791,8199
2012-05-20,2702,4340,7042
2012-05-21,630,3687,4317
2012-05-22,819,5173,5992
2012-05-23,765,4434,5199
2012-05-24,1058,5647,6705
2012-05-25,1417,5251,6668
2012-05-26,2854,3617,6471
2012-05-27,3284,3251,6535
2012-05-28,2558,3433,5991
2012-05-29,878,4808,5686
2012-05-30,745,6024,6769
2012-05-31,1098,6164,7262
2012-06-01,530,3548,4078
2012-06-02,2793,5232,8025
2012-06-03,2494,5055,7549
2012-06-04,1070,5835,6905
2012-06-05,967,5974,6941
2012-06-06,1026,5956,6982
2012-06-07,1038,6372,7410
2012-06-08,1487,6168,7655
2012-06-09,2706,4715,7421
2012-06-10,2223,4309,6532
2012-06-11,1013,5577,6590
2012-06-12,477,4439,4916
2012-06-13,1171,6182,7353
2012-06-14,1178,6121,7299
2012-06-15,1563,6018,7581
2012-06-16,2962,4668,7630
2012-06-17,2636,4270,6906
2012-06-18,650,4401,5051
2012-06-19,966,5790,6756
2012-06-20,869,5269,6138
2012-06-21,775,5050,5825
2012-06-22,961,4798,5759
2012-06-23,2653,4720,7373
2012-06-24,2552,4271,6823
2012-06-25,1138,5568,6706
2012-06-26,1077,6285,7362
2012-06-27,1077,6176,7253
2012-06-28,921,5877,6798
2012-06-29,829,4566,5395
2012-06-30,1454,4170,5624
2012-07-01,1422,4032,5454
2012-07-02,903,5255,6158
2012-07-03,1051,5531,6582
2012-07-04,2561,4753,7314
2012-07-05,1404,4795,6199
2012-07-06,1366,4774,6140
2012-07-07,1447,3342,4789
2012-07-08,1202,3412,4614
2012-07-09,998,5512,6510
2012-07-10,954,5286,6240
2012-07-11,975,6217,7192
2012-07-12,1032,6343,7375
2012-07-13,1512,5912,7424
2012-07-14,2355,4536,6891
2012-07-15,1921,4031,5952
2012-07-16,1089,5678,6767
2012-07-17,921,5796,6717
2012-07-18,799,4868,5667
2012-07-19,887,5659,6546
2012-07-20,747,5071,5818
2012-07-21,1264,3152,4416
2012-07-22,2544,4794,7338
2012-07-23,1135,5750,6885
2012-07-24,1140,6388,7528
2012-07-25,1383,6708,8091
2012-07-26,1036,5771,6807
2012-07-27,1259,5581,6840
2012-07-28,2234,4374,6608
2012-07-29,2153,4371,6524
2012-07-30,1038,5996,7034
2012-07-31,971,6169,7140
2012-08-01,1074,6437,7511
2012-08-02,983,6180,7163
2012-08-03,1327,5762,7089
2012-08-04,2345,4392,6737
2012-08-05,1707,3688,5395
2012-08-06,1233,5676,6909
2012-08-07,1277,5924,7201
2012-08-08,1260,6176,7436
2012-08-09,1196,5993,7189
2012-08-10,1065,4653,5718
2012-08-11,2247,3985,6232
2012-08-12,2182,4277,6459
2012-08-13,1207,5592,6799
2012-08-14,1128,5562,6690
2012-08-15,1198,6065,7263
2012-08-16,1338,6186,7524
2012-08-17,1483,5603,7086
2012-08-18,2827,4946,7773
2012-08-19,1208,3287,4495
2012-08-20,1026,5453,6479
2012-08-21,1081,5860,6941
2012-08-22,1094,6211,7305
2012-08-23,1362,6330,7692
2012-08-24,1324,6189,7513
2012-08-25,1829,4143,5972
2012-08-26,1483,3696,5179
2012-08-27,989,5826,6815
2012-08-28,935,6048,6983
2012-08-29,1177,6459,7636
2012-08-30,1172,6461,7633
2012-08-31,1433,5843,7276
2012-09-01,2350,3731,6081
2012-09-02,2612,3137,5749
2012-09-03,1965,3992,5957
2012-09-04,867,5920,6787
2012-09-05,832,6222,7054
2012-09-06,611,5524,6135
2012-09-07,1044,6366,7410
2012-09-08,1558,4348,5906
2012-09-09,2570,5549,8119
2012-09-10,1118,6319,7437
2012-09-11,1069,6626,7695
2012-09-12,1050,6750,7800
2012-09-13,1054,6688,7742
2012-09-14,1379,6543,7922
2012-09-15,3161,5462,8623
2012-09-16,2166,5085,7251
2012-09-17,1022,5753,6775
2012-09-18,371,3658,4029
2012-09-19,787,6731,7518
2012-09-20,939,6720,7659
2012-09-21,1250,6826,8076
2012-09-22,2511,5805,8316
2012-09-23,2454,5372,7826
2012-09-24,1001,6339,7340
2012-09-25,845,6622,7467
2012-09-26,787,6874,7661
2012-09-27,751,6560,7311
2012-09-28,1045,6291,7336
2012-09-29,2589,5881,8470
2012-09-30,2015,4797,6812
2012-10-01,763,5936,6699
2012-10-02,315,4273,4588
2012-10-03,727,6769,7496
2012-10-04,891,6384,7275
2012-10-05,1516,6547,8063
2012-10-06,3030,4859,7889
2012-10-07,780,2683,3463
2012-10-08,874,4548,5422
2012-10-09,601,5736,6337
2012-10-10,780,6832,7612
2012-10-11,833,6676,7509
2012-10-12,1059,6148,7207
2012-10-13,2252,4788,7040
2012-10-14,2078,4481,6559
2012-10-15,760,5066,5826
2012-10-16,921,6540,7461
2012-10-17,979,6420,7399
2012-10-18,1008,6436,7444
2012-10-19,753,4605,5358
2012-10-20,2804,5215,8019
2012-10-21,2131,4628,6759
2012-10-22,830,6166,6996
2012-10-23,839,6558,7397
2012-10-24,795,6835,7630
2012-10-25,874,6423,7297
2012-10-26,1181,6185,7366
2012-10-27,2641,5128,7769
2012-10-28,998,3411,4409
2012-10-29,2,19,21
2012-10-30,87,993,1080
2012-10-31,419,5092,5511
2012-11-01,464,5468,5932
2012-11-02,617,5178,5795
2012-11-03,1029,4058,5087
2012-11-04,1201,3859,5060
2012-11-05,378,4831,5209
2012-11-06,466,5173,5639
2012-11-07,326,4668,4994
2012-11-08,340,4934,5274
2012-11-09,709,5237,5946
2012-11-10,2088,4390,6478
2012-11-11,2290,4488,6778
2012-11-12,1098,5120,6218
2012-11-13,327,3733,4060
2012-11-14,373,5064,5437
2012-11-15,320,5074,5394
2012-11-16,484,5158,5642
2012-11-17,1313,4269,5582
2012-11-18,922,3715,4637
2012-11-19,449,5004,5453
2012-11-20,534,5049,5583
2012-11-21,615,4486,5101
2012-11-22,954,1439,2393
2012-11-23,1602,2262,3864
2012-11-24,532,1727,2259
2012-11-25,309,2093,2402
2012-11-26,337,4703,5040
2012-11-27,123,3807,3930
2012-11-28,198,5047,5245
2012-11-29,243,5036,5279
2012-11-30,362,5255,5617
2012-12-01,949,4187,5136
2012-12-02,890,3711,4601
2012-12-03,555,5628,6183
2012-12-04,551,6011,6562
2012-12-05,331,5334,5665
2012-12-06,340,5005,5345
2012-12-07,349,4613,4962
2012-12-08,1154,4372,5526
2012-12-09,441,2757,3198
2012-12-10,329,4798,5127
2012-12-11,282,5174,5456
2012-12-12,309,4970,5279
2012-12-13,425,5057,5482
2012-12-14,429,5132,5561
2012-12-15,766,4215,4981
2012-12-16,538,3205,3743
2012-12-17,212,4338,4550
2012-12-18,433,5080,5513
2012-12-19,333,4901,5234
2012-12-20,314,3783,4097
2012-12-21,221,3363,3584
2012-12-22,205,1528,1733
2012-12-23,408,1359,1767
2012-12-24,174,735,909
2012-12-25,440,564,1004
2012-12-26,9,426,435
2012-12-27,247,1849,2096
2012-12-28,644,2424,3068
2012-12-29,158,1170,1328
2012-12-30,364,1416,1780
2012-12-31,439,2272,2711
2013-01-01,421,1543,1964
2013-01-02,284,3389,3673
2013-01-03,297,3547,3844
2013-01-04,297,3781,4078
2013-01-05,509,3008,3517
2013-01-06,585,3166,3751
2013-01-07,332,4409,4741
2013-01-08,442,4832,5274
2013-01-09,356,4754,5110
2013-01-10,359,5023,5382
2013-01-11,254,3840,4094
2013-01-12,1239,4334,5573
2013-01-13,834,3280,4114
2013-01-14,444,4579,5023
2013-01-15,224,2673,2897
2013-01-16,197,3280,3477
2013-01-17,361,4408,4769
2013-01-18,340,4132,4472
2013-01-19,1199,3719,4918
2013-01-20,1656,4043,5699
2013-01-21,1026,3501,4527
2013-01-22,89,2842,2931
2013-01-23,69,3115,3184
2013-01-24,20,2405,2425
2013-01-25,44,2310,2354
2013-01-26,179,2560,2739
2013-01-27,263,2726,2989
2013-01-28,65,2647,2712
2013-01-29,321,5470,5791
2013-01-30,182,4460,4642
2013-01-31,120,4205,4325
2013-02-01,84,3077,3161
2013-02-02,233,2217,2450
2013-02-03,185,2370,2555
2013-02-04,122,3797,3919
2013-02-05,151,4427,4578
2013-02-06,179,4692,4871
2013-02-07,175,4263,4438
2013-02-08,146,3205,3351
2013-02-09,424,3004,3428
2013-02-10,501,3075,3576
2013-02-11,151,4071,4222
2013-02-12,281,5342,5623
2013-02-13,171,3362,3533
2013-02-14,355,4762,5117
2013-02-15,683,4632,5315
2013-02-16,679,2526,3205
2013-02-17,483,2004,2487
2013-02-18,534,2786,3320
2013-02-19,163,3769,3932
2013-02-20,190,4162,4352
2013-02-21,187,3922,4109
2013-02-22,123,3403,3526
2013-02-23,211,2336,2547
2013-02-24,846,3479,4325
2013-02-25,331,4617,4948
2013-02-26,149,2593,2742
2013-02-27,363,5025,5388
2013-02-28,296,4788,5084
2013-03-01,329,4557,4886
2013-03-02,674,3033,3707
2013-03-03,475,2573,3048
2013-03-04,311,4101,4412
2013-03-05,444,4737,5181
2013-03-06,79,1046,1125
2013-03-07,315,4691,5006
2013-03-08,410,4425,4835
2013-03-09,2168,4600,6768
2013-03-10,2328,4436,6764
2013-03-11,1026,5013,6039
2013-03-12,449,3796,4245
2013-03-13,625,5068,5693
2013-03-14,440,4386,4826
2013-03-15,1201,5129,6330
2013-03-16,1811,4357,6168
2013-03-17,982,2960,3942
2013-03-18,248,2499,2747
2013-03-19,674,5268,5942
2013-03-20,556,5250,5806
2013-03-21,308,4200,4508
2013-03-22,682,4725,5407
2013-03-23,2473,4006,6479
2013-03-24,1109,2748,3857
2013-03-25,84,1828,1912
2013-03-26,647,4936,5583
2013-03-27,646,5154,5800
2013-03-28,699,4884,5583
2013-03-29,1968,5416,7384
2013-03-30,5006,4592,9598
2013-03-31,1401,2384,3785
2013-04-01,1303,5065,6368
2013-04-02,738,5164,5902
2013-04-03,929,5297,6226
2013-04-04,904,4925,5829
2013-04-05,1559,6030,7589
2013-04-06,4099,5172,9271
2013-04-07,4428,5334,9762
2013-04-08,1949,6517,8466
2013-04-09,2138,7612,9750
2013-04-10,1965,7588,9553
2013-04-11,1886,7205,9091
2013-04-12,1173,4824,5997
2013-04-13,5375,5892,11267
2013-04-14,4370,5234,9604
2013-04-15,1289,5619,6908
2013-04-16,1519,6728,8247
2013-04-17,1363,7114,8477
2013-04-18,1192,6494,7686
2013-04-19,1082,5036,6118
2013-04-20,3411,5382,8793
2013-04-21,2510,4820,7330
2013-04-22,779,5958,6737
2013-04-23,946,6488,7434
2013-04-24,1306,7154,8460
2013-04-25,1350,6912,8262
2013-04-26,1844,7152,8996
2013-04-27,4947,5873,10820
2013-04-28,3335,4516,7851
2013-04-29,480,3809,4289
2013-04-30,604,4755,5359
2013-05-01,1198,7410,8608
2013-05-02,1323,7167,8490
2013-05-03,1774,6881,8655
2013-05-04,3650,5822,9472
2013-05-05,2931,5055,7986
2013-05-06,1066,5440,6506
2013-05-07,344,4075,4419
2013-05-08,821,5765,6586
2013-05-09,1122,6671,7793
2013-05-10,1979,6891,8870
2013-05-11,2099,4356,6455
2013-05-12,3084,4926,8010
2013-05-13,1064,6317,7381
2013-05-14,1264,6797,8061
2013-05-15,1321,7435,8756
2013-05-16,1522,7373,8895
2013-05-17,2544,7503,10047
2013-05-18,1925,4408,6333
2013-05-19,2077,4597,6674
2013-05-20,1624,6759,8383
2013-05-21,1648,7394,9042
2013-05-22,1401,7494,8895
2013-05-23,1288,6763,8051
2013-05-24,1004,5623,6627
2013-05-25,3621,4323,7944
2013-05-26,5652,4236,9888
2013-05-27,4452,4514,8966
2013-05-28,1588,5964,7552
2013-05-29,1736,7539,9275
2013-05-30,1366,7374,8740
2013-05-31,1836,7267,9103
2013-06-01,3657,5800,9457
2013-06-02,2997,4667,7664
2013-06-03,1442,5951,7393
2013-06-04,1852,8074,9926
2013-06-05,1910,8076,9986
2013-06-06,1223,5631,6854
2013-06-07,242,2235,2477
2013-06-08,3572,6186,9758
2013-06-09,3433,5787,9220
2013-06-10,713,3655,4368
2013-06-11,1737,7456,9193
2013-06-12,1585,7595,9180
2013-06-13,1162,6097,7259
2013-06-14,2209,7574,9783
2013-06-15,4201,6245,10446
2013-06-16,3533,5177,8710
2013-06-17,1729,6884,8613
2013-06-18,940,6200,7140
2013-06-19,1802,8237,10039
2013-06-20,1795,8352,10147
2013-06-21,2368,7952,10320
2013-06-22,4401,6398,10799
2013-06-23,2404,4771,7175
2013-06-24,1470,6572,8042
2013-06-25,1559,7411,8970
2013-06-26,1312,7080,8392
2013-06-27,1302,7317,8619
2013-06-28,1060,5187,6247
2013-06-29,3973,6530,10503
2013-06-30,2405,4682,7087
2013-07-01,1372,6470,7842
2013-07-02,1284,6537,7821
2013-07-03,1603,6122,7725
2013-07-04,5222,5520,10742
2013-07-05,4785,5772,10557
2013-07-06,4295,4607,8902
2013-07-07,2490,4381,6871
2013-07-08,1323,6747,8070
2013-07-09,1197,7570,8767
2013-07-10,1116,6997,8113
2013-07-11,1385,7485,8870
2013-07-12,1006,4719,5725
2013-07-13,3223,6055,9278
2013-07-14,2797,5593,8390
2013-07-15,1343,6690,8033
2013-07-16,1304,7098,8402
2013-07-17,1341,7292,8633
2013-07-18,1121,6704,7825
2013-07-19,1512,6466,7978
2013-07-20,3129,5494,8623
2013-07-21,3132,5332,8464
2013-07-22,1578,7100,8678
2013-07-23,1513,7721,9234
2013-07-24,1707,8054,9761
2013-07-25,1908,8197,10105
2013-07-26,2243,8019,10262
2013-07-27,3173,5210,8383
2013-07-28,2862,5277,8139
2013-07-29,1915,7328,9243
2013-07-30,1955,7923,9878
2013-07-31,1468,7234,8702
2013-08-01,1178,6577,7755
2013-08-02,2358,7456,9814
2013-08-03,3315,5135,8450
2013-08-04,4317,6080,10397
2013-08-05,2344,7709,10053
2013-08-06,1547,6835,8382
2013-08-07,1931,7788,9719
2013-08-08,1538,7330,8868
2013-08-09,2152,7310,9462
2013-08-10,4129,5918,10047
2013-08-11,3875,5610,9485
2013-08-12,2154,7327,9481
2013-08-13,1590,6713,8303
2013-08-14,1997,8395,10392
2013-08-15,2191,8438,10629
2013-08-16,2794,7969,10763
2013-08-17,4739,6303,11042
2013-08-18,1749,4004,5753
2013-08-19,1847,7121,8968
2013-08-20,1725,7854,9579
2013-08-21,1647,7493,9140
2013-08-22,1862,7681,9543
2013-08-23,1158,6467,7625
2013-08-24,3782,7062,10844
2013-08-25,3327,6154,9481
2013-08-26,1687,7582,9269
2013-08-27,1538,7968,9506
2013-08-28,993,6643,7636
2013-08-29,1646,7697,9343
2013-08-30,2306,7355,9661
2013-08-31,4365,5038,9403
2013-09-01,4698,4518,9216
2013-09-02,3201,4824,8025
2013-09-03,1375,7435,8810
2013-09-04,1532,8202,9734
2013-09-05,1575,8343,9918
2013-09-06,1814,8328,10142
2013-09-07,3211,6907,10118
2013-09-08,3033,6367,9400
2013-09-09,1381,7675,9056
2013-09-10,1435,7997,9432
2013-09-11,1271,7904,9175
2013-09-12,946,6035,6981
2013-09-13,1589,8342,9931
2013-09-14,3943,7188,11131
2013-09-15,3201,6547,9748
2013-09-16,1084,7184,8268
2013-09-17,1269,8567,9836
2013-09-18,1298,8654,9952
2013-09-19,1637,8723,10360
2013-09-20,1909,8636,10545
2013-09-21,2149,4691,6840
2013-09-22,2749,6590,9339
2013-09-23,1272,7709,8981
2013-09-24,1144,8345,9489
2013-09-25,1169,8355,9524
2013-09-26,1293,8495,9788
2013-09-27,1634,8224,9858
2013-09-28,3502,6555,10057
2013-09-29,3080,6171,9251
2013-09-30,1338,7694,9032
2013-10-01,1339,8916,10255
2013-10-02,1289,8960,10249
2013-10-03,1248,8811,10059
2013-10-04,1667,8491,10158
2013-10-05,3401,7055,10456
2013-10-06,2992,6658,9650
2013-10-07,420,5377,5797
2013-10-08,1278,8551,9829
2013-10-09,757,5603,6360
2013-10-10,180,2311,2491
2013-10-11,117,1658,1775
2013-10-12,1299,3892,5191
2013-10-13,1523,4415,5938
2013-10-14,1830,6988,8818
2013-10-15,1031,8241,9272
2013-10-16,1113,8516,9629
2013-10-17,1049,8419,9468
2013-10-18,1870,8386,10256
2013-10-19,3190,6119,9309
2013-10-20,2541,5952,8493
2013-10-21,1331,7625,8956
2013-10-22,736,8254,8990
2013-10-23,616,7268,7884
2013-10-24,591,7232,7823
2013-10-25,913,6953,7866
2013-10-26,2195,5711,7906
2013-10-27,2380,5537,7917
2013-10-28,1177,7338,8515
2013-10-29,963,7986,8949
2013-10-30,806,7249,8055
2013-10-31,723,7612,8335
2013-11-01,921,7125,8046
2013-11-02,2867,6507,9374
2013-11-03,2115,5537,7652
2013-11-04,554,6300,6854
2013-11-05,670,7482,8152
2013-11-06,798,7982,8780
2013-11-07,485,7489,7974
2013-11-08,727,6781,7508
2013-11-09,2191,5350,7541
2013-11-10,2067,5110,7177
2013-11-11,972,6216,7188
2013-11-12,262,5850,6112
2013-11-13,280,6186,6466
2013-11-14,378,6895,7273
2013-11-15,782,6889,7671
2013-11-16,1529,5275,6804
2013-11-17,1446,5499,6945
2013-11-18,707,7546,8253
2013-11-19,426,7019,7445
2013-11-20,452,6888,7340
2013-11-21,471,7050,7521
2013-11-22,719,7427,8146
2013-11-23,1267,4867,6134
2013-11-24,370,2823,3193
2013-11-25,310,4950,5260
2013-11-26,51,1822,1873
2013-11-27,44,2196,2240
2013-11-28,388,1186,1574
2013-11-29,722,2196,2918
2013-11-30,784,2219,3003
2013-12-01,662,3008,3670
2013-12-02,284,6030,6314
2013-12-03,417,7032,7449
2013-12-04,437,7114,7551
2013-12-05,582,7560,8142
2013-12-06,145,2799,2944
2013-12-07,593,4285,4878
2013-12-08,88,1269,1357
2013-12-09,67,3379,3446
2013-12-10,99,2597,2696
2013-12-11,224,5246,5470
2013-12-12,158,4926,5084
2013-12-13,246,5378,5624
2013-12-14,253,2541,2794
2013-12-15,539,3762,4301
2013-12-16,239,5373,5612
2013-12-17,202,5148,5350
2013-12-18,292,5480,5772
2013-12-19,481,6172,6653
2013-12-20,580,5931,6511
2013-12-21,1838,4592,6430
2013-12-22,660,2170,2830
2013-12-23,159,1843,2002
2013-12-24,276,2069,2345
2013-12-25,354,647,1001
2013-12-26,425,2021,2446
2013-12-27,800,2784,3584
2013-12-28,1936,2485,4421
2013-12-29,287,1154,1441
2013-12-30,674,3682,4356
2013-12-31,531,3595,4126
2014-01-01,730,2281,3011
2014-01-02,288,3028,3316
2014-01-03,75,1533,1608
2014-01-04,158,2084,2242
2014-01-05,135,1925,2060
2014-01-06,123,3384,3507
2014-01-07,29,2253,2282
2014-01-08,75,3780,3855
2014-01-09,190,4758,4948
2014-01-10,81,1762,1843
2014-01-11,97,1858,1955
2014-01-12,999,4414,5413
2014-01-13,732,6129,6861
2014-01-14,345,4714,5059
2014-01-15,516,5943,6459
2014-01-16,385,5631,6016
2014-01-17,532,5606,6138
2014-01-18,410,2889,3299
2014-01-19,720,3379,4099
2014-01-20,880,4436,5316
2014-01-21,45,1702,1747
2014-01-22,13,1413,1426
2014-01-23,34,2392,2426
2014-01-24,40,2583,2623
2014-01-25,93,2166,2259
2014-01-26,130,2424,2554
2014-01-27,69,4415,4484
2014-01-28,39,3090,3129
2014-01-29,58,3102,3160
2014-01-30,68,4110,4178
2014-01-31,239,5185,5424
2014-02-01,767,4575,5342
2014-02-02,836,4587,5423
2014-02-03,61,2401,2462
2014-02-04,130,5047,5177
2014-02-05,116,3630,3746
2014-02-06,150,5026,5176
2014-02-07,220,5174,5394
2014-02-08,390,3647,4037
2014-02-09,212,2908,3120
2014-02-10,127,4304,4431
2014-02-11,181,4566,4747
2014-02-12,84,3861,3945
2014-02-13,3,49,52
2014-02-14,73,1838,1911
2014-02-15,139,1609,1748
2014-02-16,384,2454,2838
2014-02-17,330,2981,3311
2014-02-18,269,4817,5086
2014-02-19,244,5378,5622
2014-02-20,429,6148,6577
2014-02-21,346,5437,5783
2014-02-22,1953,5864,7817
2014-02-23,841,5224,6065
2014-02-24,295,5101,5396
2014-02-25,157,4404,4561
2014-02-26,102,3819,3921
2014-02-27,159,4723,4882
2014-02-28,173,3920,4093
2014-03-01,806,3754,4560
2014-03-02,540,2953,3493
2014-03-03,16,402,418
2014-03-04,62,2182,2244
2014-03-05,237,4275,4512
2014-03-06,240,4592,4832
2014-03-07,256,4808,5064
2014-03-08,2810,5606,8416
2014-03-09,1488,4428,5916
2014-03-10,844,5941,6785
2014-03-11,1306,7054,8360
2014-03-12,702,5527,6229
2014-03-13,212,3772,3984
2014-03-14,1119,5830,6949
2014-03-15,3753,6591,10344
2014-03-16,1262,3551,4813
2014-03-17,61,1218,1279
2014-03-18,219,4439,4658
2014-03-19,112,3642,3754
2014-03-20,797,6717,7514
2014-03-21,1007,6670,7677
2014-03-22,4709,6138,10847
2014-03-23,1184,4129,5313
2014-03-24,519,4822,5341
2014-03-25,105,2987,3092
2014-03-26,248,4685,4933
2014-03-27,621,5828,6449
2014-03-28,896,5774,6670
2014-03-29,287,1975,2262
2014-03-30,58,838,896
2014-03-31,1392,6766,8158
2014-04-01,1507,7864,9371
2014-04-02,1328,7558,8886
2014-04-03,1432,7675,9107
2014-04-04,1505,7372,8877
2014-04-05,4624,6130,10754
2014-04-06,3676,6141,9817
2014-04-07,148,2653,2801
2014-04-08,1097,7752,8849
2014-04-09,1484,8389,9873
2014-04-10,2347,8894,11241
2014-04-11,2982,8450,11432
2014-04-12,7918,7646,15564
2014-04-13,7450,6969,14419
2014-04-14,3082,7492,10574
2014-04-15,190,1626,1816
2014-04-16,1356,6415,7771
2014-04-17,1515,7109,8624
2014-04-18,2323,7018,9341
2014-04-19,5910,6016,11926
2014-04-20,4095,5418,9513
2014-04-21,2029,7641,9670
2014-04-22,1263,7845,9108
2014-04-23,1201,7724,8925
2014-04-24,1608,8196,9804
2014-04-25,1548,6026,7574
2014-04-26,4959,6551,11510
2014-04-27,4496,6545,11041
2014-04-28,1253,5162,6415
2014-04-29,208,2907,3115
2014-04-30,57,1736,1793
2014-05-01,1272,8306,9578
2014-05-02,1880,8453,10333
2014-05-03,4209,6973,11182
2014-05-04,3810,6702,10512
2014-05-05,1398,6689,8087
2014-05-06,1744,8659,10403
2014-05-07,929,7633,8562
2014-05-08,1559,8845,10404
2014-05-09,2007,8402,10409
2014-05-10,2588,5643,8231
2014-05-11,4122,6847,10969
2014-05-12,1736,7698,9434
2014-05-13,1659,8271,9930
2014-05-14,1533,8188,9721
2014-05-15,1517,7883,9400
2014-05-16,1548,6485,8033
2014-05-17,4251,6952,11203
2014-05-18,3609,6598,10207
2014-05-19,2139,8294,10433
2014-05-20,2067,8780,10847
2014-05-21,1301,7202,8503
2014-05-22,1845,8481,10326
2014-05-23,2177,8222,10399
2014-05-24,5142,5383,10525
2014-05-25,6742,5343,12085
2014-05-26,5030,5659,10689
2014-05-27,1632,6589,8221
2014-05-28,1497,8425,9922
2014-05-29,548,4759,5307
2014-05-30,2014,8791,10805
2014-05-31,4526,7548,12074
2014-06-01,3785,7147,10932
2014-06-02,1863,8492,10355
2014-06-03,1617,8750,10367
2014-06-04,1509,8657,10166
2014-06-05,1518,9219,10737
2014-06-06,2183,9626,11809
2014-06-07,4275,7565,11840
2014-06-08,3843,6745,10588
2014-06-09,2004,8492,10496
2014-06-10,1470,8078,9548
2014-06-11,1213,7399,8612
2014-06-12,1167,8043,9210
2014-06-13,1522,7935,9457
2014-06-14,4318,7576,11894
2014-06-15,3981,7055,11036
2014-06-16,1923,8509,10432
2014-06-17,1723,8783,10506
2014-06-18,1536,8455,9991
2014-06-19,1717,8707,10424
2014-06-20,2443,9191,11634
2014-06-21,3639,6167,9806
2014-06-22,3812,7016,10828
2014-06-23,2214,8624,10838
2014-06-24,1958,9211,11169
2014-06-25,1705,8491,10196
2014-06-26,1737,9228,10965
2014-06-27,2274,8365,10639
2014-06-28,3934,6916,10850
2014-06-29,4119,6659,10778
2014-06-30,2069,8402,10471
2014-07-01,1898,8604,10502
2014-07-02,1691,7874,9565
2014-07-03,1925,6673,8598
2014-07-04,5997,5900,11897
2014-07-05,7096,5730,12826
2014-07-06,4972,5954,10926
2014-07-07,2111,7942,10053
2014-07-08,1383,7160,8543
2014-07-09,1516,7283,8799
2014-07-10,1543,7146,8689
2014-07-11,2546,8683,11229
2014-07-12,4894,6618,11512
2014-07-13,3471,5870,9341
2014-07-14,1885,6654,8539
2014-07-15,1374,6478,7852
2014-07-16,2282,9026,11308
2014-07-17,2589,9021,11610
2014-07-18,3126,8531,11657
2014-07-19,5247,6517,11764
2014-07-20,4664,6141,10805
2014-07-21,2852,8177,11029
2014-07-22,2612,8580,11192
2014-07-23,2191,8030,10221
2014-07-24,2398,8292,10690
2014-07-25,3619,8692,12311
2014-07-26,5559,6424,11983
2014-07-27,4158,5847,10005
2014-07-28,2621,8067,10688
2014-07-29,2570,8788,11358
2014-07-30,2477,8882,11359
2014-07-31,2496,8486,10982
2014-08-01,2211,7641,9852
2014-08-02,5216,5621,10837
2014-08-03,3925,5899,9824
2014-08-04,2939,7948,10887
2014-08-05,2546,8170,10716
2014-08-06,2603,8348,10951
2014-08-07,2579,8484,11063
2014-08-08,3326,7948,11274
2014-08-09,4724,5632,10356
2014-08-10,4958,5721,10679
2014-08-11,2776,6836,9612
2014-08-12,881,5090,5971
2014-08-13,2532,8350,10882
2014-08-14,2660,8346,11006
2014-08-15,3481,8461,11942
2014-08-16,5827,6424,12251
2014-08-17,4385,6203,10588
2014-08-18,2514,8200,10714
2014-08-19,1865,8665,10530
2014-08-20,1928,7222,9150
2014-08-21,2019,7716,9735
2014-08-22,2205,8039,10244
2014-08-23,2045,4386,6431
2014-08-24,3841,6951,10792
2014-08-25,2145,8599,10744
2014-08-26,1921,8953,10874
2014-08-27,2078,9060,11138
2014-08-28,2016,9045,11061
2014-08-29,2847,8765,11612
2014-08-30,4945,5269,10214
2014-08-31,4547,4393,8940
2014-09-01,3306,4997,8303
2014-09-02,1403,7220,8623
2014-09-03,1417,8995,10412
2014-09-04,1561,9269,10830
2014-09-05,1859,9147,11006
2014-09-06,2781,6534,9315
2014-09-07,3622,7607,11229
2014-09-08,1728,8649,10377
2014-09-09,1471,9507,10978
2014-09-10,1403,9830,11233
2014-09-11,1325,9672,10997
2014-09-12,2193,9986,12179
2014-09-13,2147,6060,8207
2014-09-14,4086,7825,11911
2014-09-15,1861,9487,11348
2014-09-16,1905,10229,12134
2014-09-17,1693,9940,11633
2014-09-18,1447,10060,11507
2014-09-19,2019,9836,11855
2014-09-20,4472,8205,12677
2014-09-21,3421,7316,10737
2014-09-22,1563,9439,11002
2014-09-23,1367,10225,11592
2014-09-24,1112,8197,9309
2014-09-25,518,6127,6645
2014-09-26,2251,9880,12131
2014-09-27,4422,8204,12626
2014-09-28,3605,7299,10904
2014-09-29,1588,9040,10628
2014-09-30,1416,10192,11608
2014-10-01,1229,9321,10550
2014-10-02,1504,10193,11697
2014-10-03,1688,9215,10903
2014-10-04,3370,7272,10642
2014-10-05,2809,6838,9647
2014-10-06,1655,9000,10655
2014-10-07,1122,8342,9464
2014-10-08,1435,9826,11261
2014-10-09,1614,9616,11230
2014-10-10,1304,6840,8144
2014-10-11,1572,4125,5697
2014-10-12,3492,5927,9419
2014-10-13,1080,5531,6611
2014-10-14,1560,9340,10900
2014-10-15,444,5656,6100
2014-10-16,1180,8896,10076
2014-10-17,2659,9281,11940
2014-10-18,3938,6910,10848
2014-10-19,2273,5848,8121
2014-10-20,1202,8224,9426
2014-10-21,745,6722,7467
2014-10-22,240,4146,4386
2014-10-23,1055,8699,9754
2014-10-24,1716,8737,10453
2014-10-25,3828,7354,11182
2014-10-26,3307,6946,10253
2014-10-27,1577,8961,10538
2014-10-28,1419,10163,11582
2014-10-29,771,8625,9396
2014-10-30,887,9158,10045
2014-10-31,1131,8444,9575
2014-11-01,1128,4936,6064
2014-11-02,894,4749,5643
2014-11-03,619,7944,8563
2014-11-04,750,9059,9809
2014-11-05,700,8418,9118
2014-11-06,422,6884,7306
2014-11-07,846,7844,8690
2014-11-08,1772,5779,7551
2014-11-09,2002,5824,7826
2014-11-10,1175,8119,9294
2014-11-11,1720,9052,10772
2014-11-12,779,8760,9539
2014-11-13,485,6639,7124
2014-11-14,479,6539,7018
2014-11-15,1217,4721,5938
2014-11-16,862,3875,4737
2014-11-17,169,3914,4083
2014-11-18,271,5257,5528
2014-11-19,194,5788,5982
2014-11-20,311,6924,7235
2014-11-21,413,5932,6345
2014-11-22,908,4653,5561
2014-11-23,1107,4453,5560
2014-11-24,1070,8072,9142
2014-11-25,888,7239,8127
2014-11-26,53,1371,1424
2014-11-27,431,1412,1843
2014-11-28,520,2089,2609
2014-11-29,1010,2641,3651
2014-11-30,973,3993,4966
2014-12-01,460,5854,6314
2014-12-02,57,2596,2653
2014-12-03,223,6630,6853
2014-12-04,346,6986,7332
2014-12-05,279,5707,5986
2014-12-06,287,2390,2677
2014-12-07,703,4550,5253
2014-12-08,263,5763,6026
2014-12-09,75,3215,3290
2014-12-10,261,6436,6697
2014-12-11,293,6027,6320
2014-12-12,446,6314,6760
2014-12-13,738,4885,5623
2014-12-14,754,4493,5247
2014-12-15,554,7084,7638
2014-12-16,212,5735,5947
2014-12-17,495,6874,7369
2014-12-18,241,6072,6313
2014-12-19,308,5559,5867
2014-12-20,442,3405,3847
2014-12-21,622,2930,3552
2014-12-22,155,2808,2963
2014-12-23,224,3496,3720
2014-12-24,57,1155,1212
2014-12-25,779,856,1635
2014-12-26,1170,1741,2911
2014-12-27,2151,2030,4181
2014-12-28,1126,1735,2861
2014-12-29,1175,3967,5142
2014-12-30,801,4361,5162
2014-12-31,549,3660,4209
2015-01-01,559,2019,2578
2015-01-02,938,4170,5108
2015-01-03,217,1486,1703
2015-01-04,502,3156,3658
2015-01-05,293,4929,5222
2015-01-06,45,2015,2060
2015-01-07,65,2970,3035
2015-01-08,40,2912,2952
2015-01-09,87,4127,4214
2015-01-10,159,2514,2673
2015-01-11,363,3088,3451
2015-01-12,83,2072,2155
2015-01-13,246,5227,5473
2015-01-14,205,4350,4555
2015-01-15,272,5502,5774
2015-01-16,263,5420,5683
2015-01-17,693,3524,4217
2015-01-18,277,2246,2523
2015-01-19,618,4016,4634
2015-01-20,202,6061,6263
2015-01-21,121,5229,5350
2015-01-22,309,6060,6369
2015-01-23,268,4465,4733
2015-01-24,231,3241,3472
2015-01-25,657,4502,5159
2015-01-26,34,2395,2429
2015-01-27,72,3995,4067
2015-01-28,103,4991,5094
2015-01-29,95,4533,4628
2015-01-30,131,4717,4848
2015-01-31,321,3010,3331
2015-02-01,269,3318,3587
2015-02-02,54,3827,3881
2015-02-03,6,5111,5117
2015-02-04,39,6035,6074
2015-02-05,153,4833,4986
2015-02-06,176,4751,4927
2015-02-07,737,4188,4925
2015-02-08,1554,5093,6647
2015-02-09,164,4775,4939
2015-02-10,204,5463,5667
2015-02-11,416,6176,6592
2015-02-12,223,5216,5439
2015-02-13,165,3845,4010
2015-02-14,481,2452,2933
2015-02-15,71,970,1041
2015-02-16,96,1219,1315
2015-02-17,35,1143,1178
2015-02-18,43,3100,3143
2015-02-19,57,2625,2682
2015-02-20,61,2423,2484
2015-02-21,22,719,741
2015-02-22,141,1848,1989
2015-02-23,79,3518,3597
2015-02-24,59,3812,3871
2015-02-25,118,4832,4950
2015-02-26,103,3372,3475
2015-02-27,186,4454,4640
2015-02-28,396,2826,3222
2015-03-01,48,720,768
2015-03-02,170,3897,4067
2015-03-03,155,3676,3831
2015-03-04,112,4029,4141
2015-03-05,29,509,538
2015-03-06,73,1855,1928
2015-03-07,352,2830,3182
2015-03-08,1273,4075,5348
2015-03-09,1301,6641,7942
2015-03-10,362,3579,3941
2015-03-11,994,6706,7700
2015-03-12,1709,7290,8999
2015-03-13,1352,6556,7908
2015-03-14,758,2789,3547
2015-03-15,1929,4487,6416
2015-03-16,1574,7207,8781
2015-03-17,1414,7613,9027
2015-03-18,772,6610,7382
2015-03-19,1137,6907,8044
2015-03-20,145,2760,2905
2015-03-21,3227,5816,9043
2015-03-22,2639,5314,7953
2015-03-23,1403,6564,7967
2015-03-24,956,6773,7729
2015-03-25,663,6760,7423
2015-03-26,1156,7380,8536
2015-03-27,834,5168,6002
2015-03-28,854,3719,4573
2015-03-29,1606,4066,5672
2015-03-30,1543,7409,8952
2015-03-31,1232,6779,8011
2015-04-01,1780,8097,9877
2015-04-02,2608,8668,11276
2015-04-03,1177,5251,6428
2015-04-04,5102,5336,10438
2015-04-05,5228,4959,10187
2015-04-06,3617,9023,12640
2015-04-07,2498,8619,11117
2015-04-08,993,6448,7441
2015-04-09,1053,6775,7828
2015-04-10,2200,7198,9398
2015-04-11,8614,8132,16746
2015-04-12,7838,7914,15752
2015-04-13,3186,9510,12696
2015-04-14,293,3532,3825
2015-04-15,1886,9243,11129
2015-04-16,2012,9679,11691
2015-04-17,3141,9409,12550
2015-04-18,7748,8260,16008
2015-04-19,4436,5819,10255
2015-04-20,1769,7299,9068
2015-04-21,2050,9594,11644
2015-04-22,1513,9032,10545
2015-04-23,1611,8496,10107
2015-04-24,2199,8177,10376
2015-04-25,2684,4508,7192
2015-04-26,4014,6323,10337
2015-04-27,1221,7648,8869
2015-04-28,1688,9311,10999
2015-04-29,1939,9725,11664
2015-04-30,1511,8746,10257
2015-05-01,1778,8578,10356
2015-05-02,5110,7469,12579
2015-05-03,4986,7120,12106
2015-05-04,2609,9383,11992
2015-05-05,1785,9315,11100
2015-05-06,1825,9664,11489
2015-05-07,2131,10191,12322
2015-05-08,2925,10506,13431
2015-05-09,5134,7717,12851
2015-05-10,4545,6555,11100
2015-05-11,2530,9609,12139
2015-05-12,2265,9802,12067
2015-05-13,1763,10017,11780
2015-05-14,2546,10071,12617
2015-05-15,3365,10286,13651
2015-05-16,4454,6754,11208
2015-05-17,3966,6976,10942
2015-05-18,2358,8087,10445
2015-05-19,2182,9886,12068
2015-05-20,2521,10465,12986
2015-05-21,517,6466,6983
2015-05-22,3183,9348,12531
2015-05-23,6652,6068,12720
2015-05-24,7787,5792,13579
2015-05-25,5870,6139,12009
2015-05-26,2263,9091,11354
2015-05-27,1676,9799,11475
2015-05-28,2100,9538,11638
2015-05-29,2417,9650,12067
2015-05-30,5062,7610,12672
2015-05-31,4046,6882,10928
2015-06-01,1498,6608,8106
2015-06-02,901,7154,8055
2015-06-03,1121,8761,9882
2015-06-04,847,5513,6360
2015-06-05,2074,9008,11082
2015-06-06,4674,8011,12685
2015-06-07,4543,7132,11675
2015-06-08,1838,8129,9967
2015-06-09,1856,9916,11772
2015-06-10,1572,10018,11590
2015-06-11,2033,9821,11854
2015-06-12,2109,8763,10872
2015-06-13,4436,7332,11768
2015-06-14,3265,6250,9515
2015-06-15,1919,8068,9987
2015-06-16,1866,9634,11500
2015-06-17,1837,9338,11175
2015-06-18,1530,8465,9995
2015-06-19,2463,9561,12024
2015-06-20,3448,5870,9318
2015-06-21,2264,6520,8784
2015-06-22,2191,9072,11263
2015-06-23,1286,7904,9190
2015-06-24,2212,10378,12590
2015-06-25,2099,9032,11131
2015-06-26,2963,10079,13042
2015-06-27,683,2622,3305
2015-06-28,4273,7348,11621
2015-06-29,2713,9492,12205
2015-06-30,2136,9844,11980
2015-07-01,2308,8915,11223
2015-07-02,2488,8769,11257
2015-07-03,6429,6362,12791
2015-07-04,5755,4533,10288
2015-07-05,6211,5988,12199
2015-07-06,2614,8288,10902
2015-07-07,2393,9830,12223
2015-07-08,1683,7812,9495
2015-07-09,1916,9129,11045
2015-07-10,3072,9941,13013
2015-07-11,4847,7573,12420
2015-07-12,4314,7397,11711
2015-07-13,1864,8360,10224
2015-07-14,1975,9616,11591
2015-07-15,2039,10049,12088
2015-07-16,2516,10741,13257
2015-07-17,2977,9650,12627
2015-07-18,4426,6670,11096
2015-07-19,4155,5993,10148
2015-07-20,2318,8538,10856
2015-07-21,2246,9565,11811
2015-07-22,2468,10466,12934
2015-07-23,2575,10417,12992
2015-07-24,3280,10059,13339
2015-07-25,5807,7095,12902
2015-07-26,4682,6632,11314
2015-07-27,2482,8437,10919
2015-07-28,2528,9448,11976
2015-07-29,2428,9742,12170
2015-07-30,1803,9005,10808
2015-07-31,2751,9645,12396
2015-08-01,4940,7103,12043
2015-08-02,4550,6897,11447
2015-08-03,2714,9371,12085
2015-08-04,2212,9414,11626
2015-08-05,2408,10093,12501
2015-08-06,2565,10052,12617
2015-08-07,2827,9354,12181
2015-08-08,5843,7127,12970
2015-08-09,4923,6728,11651
2015-08-10,2362,8132,10494
2015-08-11,2065,9277,11342
2015-08-12,2304,10181,12485
2015-08-13,2344,10091,12435
2015-08-14,2972,9577,12549
2015-08-15,5261,6821,12082
2015-08-16,3872,6320,10192
2015-08-17,2135,8836,10971
2015-08-18,2098,9497,11595
2015-08-19,1985,9981,11966
2015-08-20,1823,8369,10192
2015-08-21,3064,9838,12902
2015-08-22,4995,7344,12339
2015-08-23,4119,6862,10981
2015-08-24,1963,8320,10283
2015-08-25,2220,10452,12672
2015-08-26,1933,10397,12330
2015-08-27,2022,10384,12406
2015-08-28,2440,9770,12210
2015-08-29,4426,7100,11526
2015-08-30,3512,6676,10188
2015-08-31,1716,9336,11052
2015-09-01,1504,10018,11522
2015-09-02,1545,9833,11378
2015-09-03,1670,9461,11131
2015-09-04,2187,8863,11050
2015-09-05,5260,5607,10867
2015-09-06,6970,5430,12400
2015-09-07,4295,6056,10351
2015-09-08,1381,9584,10965
2015-09-09,1352,9713,11065
2015-09-10,1078,9278,10356
2015-09-11,2085,10082,12167
2015-09-12,1417,5248,6665
2015-09-13,3127,7270,10397
2015-09-14,1592,9564,11156
2015-09-15,1540,10403,11943
2015-09-16,1485,10453,11938
2015-09-17,1561,10388,11949
2015-09-18,1809,10147,11956
2015-09-19,3971,7609,11580
2015-09-20,3604,7394,10998
2015-09-21,1314,6502,7816
2015-09-22,1783,10169,11952
2015-09-23,2339,10434,12773
2015-09-24,2320,10194,12514
2015-09-25,1814,9589,11403
2015-09-26,3509,7529,11038
2015-09-27,2892,7087,9979
2015-09-28,1569,9736,11305
2015-09-29,930,6310,7240
2015-09-30,1047,9137,10184
2015-10-01,224,4575,4799
2015-10-02,104,1975,2079
2015-10-03,598,3452,4050
2015-10-04,1311,5313,6624
2015-10-05,1234,9211,10445
2015-10-06,1203,10348,11551
2015-10-07,1181,10553,11734
2015-10-08,1474,10237,11711
2015-10-09,1829,8672,10501
2015-10-10,3800,6469,10269
2015-10-11,4380,6111,10491
2015-10-12,2889,7606,10495
2015-10-13,1294,9509,10803
2015-10-14,1214,10192,11406
2015-10-15,1654,9852,11506
2015-10-16,1874,9389,11263
2015-10-17,2861,5921,8782
2015-10-18,1788,5190,6978
2015-10-19,913,8161,9074
2015-10-20,933,9103,10036
2015-10-21,1056,9622,10678
2015-10-22,1643,9644,11287
2015-10-23,2136,9334,11470
2015-10-24,3434,6296,9730
2015-10-25,2654,5933,8587
2015-10-26,1434,8539,9973
2015-10-27,939,8858,9797
2015-10-28,201,4978,5179
2015-10-29,1142,9490,10632
2015-10-30,1125,8575,9700
2015-10-31,2425,6296,8721
2015-11-01,1897,5314,7211
2015-11-02,1051,8395,9446
2015-11-03,985,9523,10508
2015-11-04,1092,9730,10822
2015-11-05,1073,9480,10553
2015-11-06,2155,9454,11609
2015-11-07,1148,4462,5610
2015-11-08,2790,6204,8994
2015-11-09,564,6151,6715
2015-11-10,248,5525,5773
2015-11-11,945,7956,8901
2015-11-12,543,7933,8476
2015-11-13,928,8334,9262
2015-11-14,1823,5348,7171
2015-11-15,1932,5509,7441
2015-11-16,757,8399,9156
2015-11-17,652,8574,9226
2015-11-18,752,9016,9768
2015-11-19,258,5997,6255
2015-11-20,947,8150,9097
2015-11-21,1867,5432,7299
2015-11-22,819,4129,4948
2015-11-23,313,6288,6601
2015-11-24,506,6994,7500
2015-11-25,696,6168,6864
2015-11-26,1366,2028,3394
2015-11-27,2857,3383,6240
2015-11-28,2824,3594,6418
2015-11-29,343,2534,2877
2015-11-30,114,4046,4160
2015-12-01,73,3881,3954
2015-12-02,160,5580,5740
2015-12-03,308,7661,7969
2015-12-04,478,7462,7940
2015-12-05,1461,5625,7086
2015-12-06,1104,4876,5980
2015-12-07,559,7369,7928
2015-12-08,483,7975,8458
2015-12-09,301,7681,7982
2015-12-10,561,8124,8685
2015-12-11,797,7925,8722
2015-12-12,2300,6420,8720
2015-12-13,1933,6101,8034
2015-12-14,545,6100,6645
2015-12-15,526,8277,8803
2015-12-16,595,8030,8625
2015-12-17,135,4418,4553
2015-12-18,344,6354,6698
2015-12-19,532,3747,4279
2015-12-20,574,3645,4219
2015-12-21,591,6084,6675
2015-12-22,396,4538,4934
2015-12-23,101,2162,2263
2015-12-24,465,2331,2796
2015-12-25,730,772,1502
2015-12-26,1029,1673,2702
2015-12-27,2249,2374,4623
2015-12-28,838,3621,4459
2015-12-29,1004,4249,5253
2015-12-30,1038,4237,5275
2015-12-31,1291,4564,5855
2016-01-01,999,2221,3220
2016-01-02,1522,3399,4921
2016-01-03,1242,3723,4965
2016-01-04,274,4859,5133
2016-01-05,249,4601,4850
2016-01-06,253,5459,5712
2016-01-07,371,6221,6592
2016-01-08,347,5806,6153
2016-01-09,765,4549,5314
2016-01-10,956,4707,5663
2016-01-11,428,5866,6294
2016-01-12,387,6103,6490
2016-01-13,271,5349,5620
2016-01-14,478,6686,7164
2016-01-15,506,5477,5983
2016-01-16,1436,4472,5908
2016-01-17,606,2794,3400
2016-01-18,142,2357,2499
2016-01-19,57,3855,3912
2016-01-20,64,4257,4321
2016-01-21,71,4157,4228
2016-01-22,62,2923,2985
2016-01-27,3,525,528
2016-01-28,38,1984,2022
2016-01-29,94,2848,2942
2016-01-30,321,2501,2822
2016-01-31,477,3134,3611
2016-02-01,190,4414,4604
2016-02-02,227,6357,6584
2016-02-03,72,4171,4243
2016-02-04,301,6390,6691
2016-02-05,382,5440,5822
2016-02-06,788,4254,5042
2016-02-07,671,3993,4664
2016-02-08,266,5728,5994
2016-02-09,111,3942,4053
2016-02-10,184,5309,5493
2016-02-11,91,4155,4246
2016-02-12,172,4191,4363
2016-02-13,118,1417,1535
2016-02-14,225,1626,1851
2016-02-15,24,477,501
2016-02-16,83,3155,3238
2016-02-17,241,5856,6097
2016-02-18,217,5605,5822
2016-02-19,289,5344,5633
2016-02-20,2651,5594,8245
2016-02-21,733,3521,4254
2016-02-22,522,6626,7148
2016-02-23,57,2528,2585
2016-02-24,67,3212,3279
2016-02-25,169,6161,6330
2016-02-26,146,5199,5345
2016-02-27,982,4450,5432
2016-02-28,2792,5940,8732
2016-02-29,647,7181,7828
2016-03-01,686,7902,8588
2016-03-02,210,5708,5918
2016-03-03,251,5651,5902
2016-03-04,273,5072,5345
2016-03-05,1109,4225,5334
2016-03-06,1539,4360,5899
2016-03-07,1479,7524,9003
2016-03-08,1670,8888,10558
2016-03-09,1925,9289,11214
2016-03-10,1910,9044,10954
2016-03-11,2290,8929,11219
2016-03-12,3962,6466,10428
2016-03-13,1426,3768,5194
2016-03-14,870,6801,7671
2016-03-15,1015,7543,8558
2016-03-16,3953,9403,13356
2016-03-17,1786,8887,10673
2016-03-18,2561,8868,11429
2016-03-19,496,2731,3227
2016-03-20,763,3769,4532
2016-03-21,838,6742,7580
2016-03-22,1410,8353,9763
2016-03-23,2380,9960,12340
2016-03-24,3139,10224,13363
2016-03-25,3274,8938,12212
2016-03-26,7027,7089,14116
2016-03-27,3745,4819,8564
2016-03-28,1485,6945,8430
2016-03-29,1658,8563,10221
2016-03-30,2050,8823,10873
2016-03-31,1950,9079,11029
2016-04-01,2542,8332,10874
2016-04-02,3478,5804,9282
2016-04-03,1921,4879,6800
2016-04-04,971,6427,7398
2016-04-05,645,6867,7512
2016-04-06,1055,8013,9068
2016-04-07,490,4943,5433
2016-04-08,1651,7878,9529
2016-04-09,795,3274,4069
2016-04-10,2507,4914,7421
2016-04-11,1479,7977,9456
2016-04-12,926,7657,8583
2016-04-13,1152,8979,10131
2016-04-14,1323,9200,10523
2016-04-15,2329,9066,11395
2016-04-16,5969,7536,13505
2016-04-17,5252,7115,12367
2016-04-18,2409,9473,11882
2016-04-19,1962,9965,11927
2016-04-20,1712,9938,11650
2016-04-21,1738,9709,11447
2016-04-22,2068,9025,11093
2016-04-23,3018,5469,8487
2016-04-24,4816,7132,11948
2016-04-25,2296,9398,11694
2016-04-26,1754,9964,11718
2016-04-27,924,7436,8360
2016-04-28,353,4842,5195
2016-04-29,1055,7203,8258
2016-04-30,2845,5666,8511
2016-05-01,947,3429,4376
2016-05-02,1275,6864,8139
2016-05-03,803,7329,8132
2016-05-04,1018,8607,9625
2016-05-05,893,7833,8726
2016-05-06,169,2933,3102
2016-05-07,2879,6346,9225
2016-05-08,4057,6746,10803
2016-05-09,1022,8142,9164
2016-05-10,1311,8931,10242
2016-05-11,620,7049,7669
2016-05-12,1488,9317,10805
2016-05-13,1543,8563,10106
2016-05-14,3362,6027,9389
2016-05-15,2686,5821,8507
2016-05-16,2267,9090,11357
2016-05-17,293,5081,5374
2016-05-18,1162,9421,10583
2016-05-19,1940,9780,11720
2016-05-20,3238,10622,13860
2016-05-21,1059,3373,4432
2016-05-22,426,2425,2851
2016-05-23,1249,6799,8048
2016-05-24,2397,10838,13235
2016-05-25,2220,10566,12786
2016-05-26,1881,10307,12188
2016-05-27,2767,9372,12139
2016-05-28,5846,5714,11560
2016-05-29,4911,4158,9069
2016-05-30,4229,5701,9930
2016-05-31,2045,9533,11578
2016-06-01,1669,10686,12355
2016-06-02,1671,10695,12366
2016-06-03,1448,7069,8517
2016-06-04,4286,7705,11991
2016-06-05,2851,6527,9378
2016-06-06,2055,10413,12468
2016-06-07,2118,11153,13271
2016-06-08,2097,11489,13586
2016-06-09,2217,11206,13423
2016-06-10,2891,10839,13730
2016-06-11,4328,7665,11993
2016-06-12,4153,6870,11023
2016-06-13,2607,10554,13161
2016-06-14,2409,11540,13949
2016-06-15,2277,10677,12954
2016-06-16,1778,9278,11056
2016-06-17,2826,10464,13290
2016-06-18,5823,7727,13550
2016-06-19,4779,7051,11830
2016-06-20,2818,10094,12912
2016-06-21,1672,7841,9513
2016-06-22,2876,11026,13902
2016-06-23,1598,7837,9435
2016-06-24,2617,9788,12405
2016-06-25,5858,7742,13600
2016-06-26,5274,7082,12356
2016-06-27,2332,9590,11922
2016-06-28,1624,9440,11064
2016-06-29,2464,11314,13778
2016-06-30,2396,10923,13319
2016-07-01,3026,9379,12405
2016-07-02,7360,6712,14072
2016-07-03,7759,5277,13036
2016-07-04,3708,3892,7600
2016-07-05,3107,8863,11970
2016-07-06,2531,9917,12448
2016-07-07,2270,9948,12218
2016-07-08,2309,9272,11581
2016-07-09,4818,7380,12198
2016-07-10,4681,7300,11981
2016-07-11,2751,9959,12710
2016-07-12,2543,10625,13168
2016-07-13,2311,10209,12520
2016-07-14,2433,9653,12086
2016-07-15,3111,9502,12613
2016-07-16,7359,6478,13837
2016-07-17,8629,6897,15526
2016-07-18,2225,7504,9729
2016-07-19,2383,9942,12325
2016-07-20,2569,10731,13300
2016-07-21,2528,10334,12862
2016-07-22,3033,9072,12105
2016-07-23,4167,6094,10261
2016-07-24,3986,5629,9615
2016-07-25,2202,8073,10275
2016-07-26,2107,9043,11150
2016-07-27,2062,9506,11568
2016-07-28,1813,7553,9366
2016-07-29,3061,9090,12151
2016-07-30,3708,5230,8938
2016-07-31,4398,6446,10844
2016-08-01,2713,9238,11951
2016-08-02,2771,10603,13374
2016-08-03,2912,10679,13591
2016-08-04,3157,10398,13555
2016-08-05,3462,9724,13186
2016-08-06,4894,6446,11340
2016-08-07,5122,6840,11962
2016-08-08,2708,9218,11926
2016-08-09,2562,9862,12424
2016-08-10,2392,9866,12258
2016-08-11,2496,8970,11466
2016-08-12,2627,8226,10853
2016-08-13,3400,5317,8717
2016-08-14,2732,4976,7708
2016-08-15,1766,7474,9240
2016-08-16,2059,9257,11316
2016-08-17,1977,9011,10988
2016-08-18,2380,9441,11821
2016-08-19,2669,9246,11915
2016-08-20,4875,6659,11534
2016-08-21,2666,4586,7252
2016-08-22,2664,9685,12349
2016-08-23,2433,10609,13042
2016-08-24,2355,10398,12753
2016-08-25,2427,10097,12524
2016-08-26,2387,8909,11296
2016-08-27,4447,6750,11197
2016-08-28,3900,6628,10528
2016-08-29,2056,9377,11433
2016-08-30,1914,10302,12216
2016-08-31,1553,10060,11613
2016-09-01,1545,8453,9998
2016-09-02,3174,9541,12715
2016-09-03,5404,5623,11027
2016-09-04,7296,5494,12790
2016-09-05,4945,6275,11220
2016-09-06,2086,9666,11752
2016-09-07,1602,9426,11028
2016-09-08,1679,9791,11470
2016-09-09,2026,9389,11415
2016-09-10,3528,6848,10376
2016-09-11,4217,7368,11585
2016-09-12,2284,10027,12311
2016-09-13,2110,10695,12805
2016-09-14,1911,10614,12525
2016-09-15,2232,11041,13273
2016-09-16,2842,10369,13211
2016-09-17,5041,7861,12902
2016-09-18,4253,7094,11347
2016-09-19,953,7511,8464
2016-09-20,1926,10704,12630
2016-09-21,1859,10630,12489
2016-09-22,2046,10684,12730
2016-09-23,2987,10355,13342
2016-09-24,5192,7914,13106
2016-09-25,4674,7275,11949
2016-09-26,1844,9608,11452
2016-09-27,1883,10474,12357
2016-09-28,946,6781,7727
2016-09-29,495,5391,5886
2016-09-30,1216,7310,8526
2016-10-01,1782,4847,6629
2016-10-02,3910,6534,10444
2016-10-03,2445,9856,12301
2016-10-04,2237,10557,12794
2016-10-05,1855,10735,12590
2016-10-06,2178,10184,12362
2016-10-07,3358,9837,13195
2016-10-08,1498,3627,5125
2016-10-09,4004,6022,10026
2016-10-10,3167,7248,10415
2016-10-11,1870,9659,11529
2016-10-12,1919,9878,11797
2016-10-13,2090,10149,12239
2016-10-14,2956,9515,12471
2016-10-15,5442,6877,12319
2016-10-16,4547,6706,11253
2016-10-17,2462,9443,11905
2016-10-18,2192,10794,12986
2016-10-19,2121,10800,12921
2016-10-20,2426,10594,13020
2016-10-21,1905,8680,10585
2016-10-22,2829,6075,8904
2016-10-23,3625,5980,9605
2016-10-24,1724,9076,10800
2016-10-25,1519,9662,11181
2016-10-26,1335,9362,10697
2016-10-27,860,8420,9280
2016-10-28,1720,8907,10627
2016-10-29,4623,6992,11615
2016-10-30,4536,6366,10902
2016-10-31,1886,8840,10726
2016-11-01,1488,9881,11369
2016-11-02,1629,10494,12123
2016-11-03,1661,10297,11958
2016-11-04,2398,9582,11980
2016-11-05,4527,6776,11303
2016-11-06,3646,6194,9840
2016-11-07,1452,8703,10155
2016-11-08,1864,10162,12026
2016-11-09,946,6453,7399
2016-11-10,1377,8874,10251
2016-11-11,2595,7253,9848
2016-11-12,3192,5135,8327
2016-11-13,2970,5185,8155
2016-11-14,1275,7935,9210
2016-11-15,1201,9194,10395
2016-11-16,1136,8910,10046
2016-11-17,1217,9278,10495
2016-11-18,2059,9194,11253
2016-11-19,3121,5126,8247
2016-11-20,727,3099,3826
2016-11-21,528,6298,6826
2016-11-22,779,6847,7626
2016-11-23,1172,5731,6903
2016-11-24,1566,1762,3328
2016-11-25,2850,2981,5831
2016-11-26,2094,2897,4991
2016-11-27,1216,3651,4867
2016-11-28,691,7336,8027
2016-11-29,287,6044,6331
2016-11-30,349,5821,6170
2016-12-01,656,8475,9131
2016-12-02,921,7490,8411
2016-12-03,1423,4786,6209
2016-12-04,948,4316,5264
2016-12-05,704,7506,8210
2016-12-06,155,3738,3893
2016-12-07,638,8017,8655
2016-12-08,537,7456,7993
2016-12-09,455,5964,6419
2016-12-10,711,3491,4202
2016-12-11,585,3230,3815
2016-12-12,573,6464,7037
2016-12-13,464,7279,7743
2016-12-14,486,7124,7610
2016-12-15,148,4408,4556
2016-12-16,210,4307,4517
2016-12-17,233,2086,2319
2016-12-18,425,2888,3313
2016-12-19,494,5834,6328
2016-12-20,384,5722,6106
2016-12-21,560,6027,6587
2016-12-22,670,5517,6187
2016-12-23,523,3686,4209
2016-12-24,281,1091,1372
2016-12-25,1240,915,2155
2016-12-26,818,1543,2361
2016-12-27,1645,4158,5803
2016-12-28,1910,4486,6396
2016-12-29,842,3412,4254
2016-12-30,832,3615,4447
2016-12-31,977,2240,3217
2017-01-01,1580,2483,4063
2017-01-02,181,1457,1638
2017-01-03,254,3517,3771
2017-01-04,748,6437,7185
2017-01-05,402,5812,6214
2017-01-06,309,5261,5570
2017-01-07,131,1678,1809
2017-01-08,142,1778,1920
2017-01-09,194,4423,4617
2017-01-10,244,5362,5606
2017-01-11,589,6678,7267
2017-01-12,944,8147,9091
2017-01-13,899,7132,8031
2017-01-14,165,1699,1864
2017-01-15,1436,3912,5348
2017-01-16,578,3907,4485
2017-01-17,183,5391,5574
2017-01-18,535,6810,7345
2017-01-19,1031,6345,7376
2017-01-20,1384,4182,5566
2017-01-21,3412,4745,8157
2017-01-22,1180,2886,4066
2017-01-23,118,2787,2905
2017-01-24,416,6973,7389
2017-01-25,793,8230,9023
2017-01-26,463,7585,8048
2017-01-27,524,6363,6887
2017-01-28,1336,4219,5555
2017-01-29,1042,4208,5250
2017-01-30,194,5226,5420
2017-01-31,463,7301,7764
2017-02-01,469,7762,8231
2017-02-02,439,7210,7649
2017-02-03,382,6161,6543
2017-02-04,918,3889,4807
2017-02-05,1143,4346,5489
2017-02-06,879,7520,8399
2017-02-07,963,8833,9796
2017-02-08,1176,9443,10619
2017-02-09,219,5150,5369
2017-02-10,425,5549,5974
2017-02-11,2045,4776,6821
2017-02-12,1086,3637,4723
2017-02-13,409,5955,6364
2017-02-14,406,7003,7409
2017-02-15,511,6974,7485
2017-02-16,339,6088,6427
2017-02-17,815,6467,7282
2017-02-18,5531,5195,10726
2017-02-19,7049,5301,12350
2017-02-20,4138,5920,10058
2017-02-21,1239,7576,8815
2017-02-22,1227,8432,9659
2017-02-23,2089,9655,11744
2017-02-24,3365,9594,12959
2017-02-25,2956,5218,8174
2017-02-26,1918,4421,6339
2017-02-27,937,7327,8264
2017-02-28,949,6879,7828
2017-03-01,865,8112,8977
2017-03-02,696,7438,8134
2017-03-03,641,6100,6741
2017-03-04,1303,3980,5283
2017-03-05,1293,3706,4999
2017-03-06,1262,7321,8583
2017-03-07,1189,7194,8383
2017-03-08,2093,8878,10971
2017-03-09,2625,9781,12406
2017-03-10,564,5434,5998
2017-03-11,1191,3925,5116
2017-03-12,1275,3346,4621
2017-03-13,849,5621,6470
2017-03-14,111,1472,1583
2017-03-15,90,3269,3359
2017-03-16,381,4798,5179
2017-03-17,1162,6045,7207
2017-03-18,3718,4527,8245
2017-03-19,1930,3759,5689
2017-03-20,1839,7464,9303
2017-03-21,1895,8717,10612
2017-03-22,929,7384,8313
2017-03-23,1099,7517,8616
2017-03-24,1843,7243,9086
2017-03-25,9024,7167,16191
2017-03-26,2453,4168,6621
2017-03-27,2805,8562,11367
2017-03-28,1822,8622,10444
2017-03-29,2997,9792,12789
2017-03-30,1819,8505,10324
2017-03-31,421,3372,3793
2017-04-01,4509,5812,10321
2017-04-02,6954,6760,13714
2017-04-03,2512,8356,10868
2017-04-04,2921,9745,12666
2017-04-05,3191,10354,13545
2017-04-06,583,5770,6353
2017-04-07,996,6600,7596
2017-04-08,6217,6291,12508
2017-04-09,7917,7216,15133
2017-04-10,4282,9460,13742
2017-04-11,4858,10513,15371
2017-04-12,3735,10353,14088
2017-04-13,4859,10575,15434
2017-04-14,6530,9508,16038
2017-04-15,10173,6723,16896
2017-04-16,7474,5655,13129
2017-04-17,2633,7645,10278
2017-04-18,3406,10346,13752
2017-04-19,2303,9390,11693
2017-04-20,3306,8967,12273
2017-04-21,4349,9192,13541
2017-04-22,1330,3155,4485
2017-04-23,4902,5842,10744
2017-04-24,581,5103,5684
2017-04-25,733,7233,7966
2017-04-26,1881,10088,11969
2017-04-27,2990,10797,13787
2017-04-28,4237,10154,14391
2017-04-29,7154,7258,14412
2017-04-30,6724,6889,13613
2017-05-01,2304,8678,10982
2017-05-02,2518,10794,13312
2017-05-03,2482,10449,12931
2017-05-04,2195,9656,11851
2017-05-05,1511,5752,7263
2017-05-06,1769,4073,5842
2017-05-07,3801,5812,9613
2017-05-08,2330,9082,11412
2017-05-09,2266,10103,12369
2017-05-10,2760,10769,13529
2017-05-11,320,3327,3647
2017-05-12,1395,5818,7213
2017-05-13,2843,5334,8177
2017-05-14,6161,6705,12866
2017-05-15,3058,9522,12580
2017-05-16,2829,10811,13640
2017-05-17,2480,10299,12779
2017-05-18,2606,9798,12404
2017-05-19,3533,9894,13427
2017-05-20,6994,6801,13795
2017-05-21,5096,6005,11101
2017-05-22,2180,6926,9106
2017-05-23,2080,8442,10522
2017-05-24,2281,9661,11942
2017-05-25,1167,5547,6714
2017-05-26,4224,9367,13591
2017-05-27,6531,4944,11475
2017-05-28,6180,4008,10188
2017-05-29,6971,5960,12931
2017-05-30,2245,8058,10303
2017-05-31,2653,9519,12172
2017-06-01,3066,10589,13655
2017-06-02,3798,10312,14110
2017-06-03,6514,7384,13898
2017-06-04,5808,6826,12634
2017-06-05,2026,8614,10640
2017-06-06,3125,11014,14139
2017-06-07,2223,10339,12562
2017-06-08,3234,10718,13952
2017-06-09,4290,10285,14575
2017-06-10,7360,7317,14677
2017-06-11,5248,6587,11835
2017-06-12,2901,9404,12305
2017-06-13,2636,9898,12534
2017-06-14,2820,10387,13207
2017-06-15,3447,10396,13843
2017-06-16,3285,9180,12465
2017-06-17,6206,6987,13193
2017-06-18,5131,6030,11161
2017-06-19,2298,7125,9423
2017-06-20,3173,10804,13977
2017-06-21,2968,11042,14010
2017-06-22,3127,10372,13499
2017-06-23,3286,9232,12518
2017-06-24,6915,7406,14321
2017-06-25,6402,7219,13621
2017-06-26,3842,10550,14392
2017-06-27,3532,11483,15015
2017-06-28,3416,11477,14893
2017-06-29,3168,10777,13945
2017-06-30,3783,9969,13752
2017-07-01,5698,5711,11409
2017-07-02,7750,5833,13583
2017-07-03,7025,8268,15293
2017-07-04,8612,6791,15403
2017-07-05,2959,7628,10587
2017-07-06,1433,5924,7357
2017-07-07,3979,10002,13981
2017-07-08,7472,8045,15517
2017-07-09,7554,7748,15302
2017-07-10,3153,9766,12919
2017-07-11,3197,10479,13676
2017-07-12,3220,10265,13485
2017-07-13,3013,9646,12659
2017-07-14,2838,7474,10312
2017-07-15,7074,7395,14469
2017-07-16,6446,7138,13584
2017-07-17,3192,9286,12478
2017-07-18,3064,9858,12922
2017-07-19,2761,10405,13166
2017-07-20,2911,9762,12673
2017-07-21,3795,9144,12939
2017-07-22,4570,5458,10028
2017-07-23,4979,6071,11050
2017-07-24,3291,9228,12519
2017-07-25,3790,11184,14974
2017-07-26,3954,11595,15549
2017-07-27,3934,10718,14652
2017-07-28,1129,4597,5726
2017-07-29,4079,5686,9765
2017-07-30,7793,7974,15767
2017-07-31,4096,9840,13936
2017-08-01,2907,9495,12402
2017-08-02,3333,10746,14079
2017-08-03,3125,9671,12796
2017-08-04,4317,9971,14288
2017-08-05,8358,7988,16346
2017-08-06,7173,6986,14159
2017-08-07,926,4969,5895
2017-08-08,3888,10854,14742
2017-08-09,3946,11016,14962
2017-08-10,4057,10722,14779
2017-08-11,3383,9006,12389
2017-08-12,5521,6171,11692
2017-08-13,6791,7355,14146
2017-08-14,3720,9460,13180
2017-08-15,1918,8035,9953
2017-08-16,3079,10498,13577
2017-08-17,3094,10207,13301
2017-08-18,2998,8405,11403
2017-08-19,6170,7272,13442
2017-08-20,5512,7131,12643
2017-08-21,3096,9175,12271
2017-08-22,2688,9915,12603
2017-08-23,3242,10819,14061
2017-08-24,3242,10892,14134
2017-08-25,3958,10924,14882
2017-08-26,6549,8130,14679
2017-08-27,5745,7611,13356
2017-08-28,2884,10245,13129
2017-08-29,562,4058,4620
2017-08-30,2884,11830,14714
2017-08-31,2781,11130,13911
2017-09-01,3359,9817,13176
2017-09-02,1321,2854,4175
2017-09-03,8860,6511,15371
2017-09-04,6433,7147,13580
2017-09-05,2069,9290,11359
2017-09-06,443,5553,5996
2017-09-07,2289,11761,14050
2017-09-08,3245,11446,14691
2017-09-09,6216,8546,14762
2017-09-10,5188,7821,13009
2017-09-11,2982,10419,13401
2017-09-12,2741,11756,14497
2017-09-13,2116,9804,11920
2017-09-14,2257,10962,13219
2017-09-15,3421,11183,14604
2017-09-16,6589,8708,15297
2017-09-17,5435,7734,13169
2017-09-18,2632,10402,13034
2017-09-19,2428,11617,14045
2017-09-20,2355,11365,13720
2017-09-21,2338,11143,13481
2017-09-22,3301,10739,14040
2017-09-23,5400,8084,13484
2017-09-24,4863,7110,11973
2017-09-25,2391,10262,12653
2017-09-26,2041,11416,13457
2017-09-27,2063,11218,13281
2017-09-28,2528,11848,14376
2017-09-29,3346,11184,14530
2017-09-30,5132,7889,13021
2017-10-01,4547,7455,12002
2017-10-02,2096,10604,12700
2017-10-03,2087,11397,13484
2017-10-04,2087,11657,13744
2017-10-05,2330,11562,13892
2017-10-06,3797,11188,14985
2017-10-07,7262,8215,15477
2017-10-08,4501,5903,10404
2017-10-09,2571,6459,9030
2017-10-10,2678,10475,13153
2017-10-11,1390,8984,10374
2017-10-12,1788,9942,11730
2017-10-13,2597,9772,12369
2017-10-14,5572,8243,13815
2017-10-15,4814,7514,12328
2017-10-16,1985,9820,11805
2017-10-17,1645,10641,12286
2017-10-18,2023,10982,13005
2017-10-19,2365,10949,13314
2017-10-20,3343,10904,14247
2017-10-21,6158,8306,14464
2017-10-22,5571,7813,13384
2017-10-23,2619,9983,12602
2017-10-24,2148,11001,13149
2017-10-25,1786,11035,12821
2017-10-26,1578,10190,11768
2017-10-27,2862,10287,13149
2017-10-28,5483,7538,13021
2017-10-29,1241,3350,4591
2017-10-30,1461,8694,10155
2017-10-31,1494,10091,11585
2017-11-01,1094,9765,10859
2017-11-02,1883,11042,12925
2017-11-03,3092,10685,13777
2017-11-04,3537,5741,9278
2017-11-05,1590,4296,5886
2017-11-06,1518,9498,11016
2017-11-07,247,4865,5112
2017-11-08,700,8554,9254
2017-11-09,1014,8587,9601
2017-11-10,1029,5726,6755
2017-11-11,1448,4046,5494
2017-11-12,1477,4220,5697
2017-11-13,1032,8028,9060
2017-11-14,807,8687,9494
2017-11-15,808,8977,9785
2017-11-16,1143,9057,10200
2017-11-17,1312,8229,9541
2017-11-18,2436,5319,7755
2017-11-19,1425,4486,5911
2017-11-20,1009,7626,8635
2017-11-21,1220,8158,9378
2017-11-22,965,6243,7208
2017-11-23,1266,1841,3107
2017-11-24,2265,3118,5383
2017-11-25,3195,3982,7177
2017-11-26,1342,3901,5243
2017-11-27,846,8154,9000
2017-11-28,795,8881,9676
2017-11-29,874,9285,10159
2017-11-30,942,9226,10168
2017-12-01,1094,8565,9659
2017-12-02,1930,5630,7560
2017-12-03,1628,5081,6709
2017-12-04,721,8164,8885
2017-12-05,600,7692,8292
2017-12-06,513,8028,8541
2017-12-07,685,8036,8721
2017-12-08,693,7188,7881
2017-12-09,184,2162,2346
2017-12-10,579,3572,4151
2017-12-11,497,7374,7871
2017-12-12,464,7261,7725
2017-12-13,222,5632,5854
2017-12-14,343,6749,7092
2017-12-15,198,4767,4965
2017-12-16,931,4253,5184
2017-12-17,968,4173,5141
2017-12-18,1049,7929,8978
2017-12-19,1250,8670,9920
2017-12-20,818,7518,8336
2017-12-21,683,6321,7004
2017-12-22,963,5196,6159
2017-12-23,559,1905,2464
2017-12-24,469,1572,2041
2017-12-25,328,713,1041
2017-12-26,404,2385,2789
2017-12-27,387,2934,3321
2017-12-28,248,2618,2866
2017-12-29,344,2744,3088
2017-12-30,243,1633,1876
2017-12-31,116,1321,1437
2018-01-01,145,1068,1213
2018-01-02,179,3613,3792
2018-01-03,279,4469,4748
2018-01-04,66,2302,2368
2018-01-05,62,2647,2709
2018-01-06,52,1437,1489
2018-01-07,126,1627,1753
2018-01-08,174,3906,4080
2018-01-09,392,5732,6124
2018-01-10,510,6591,7101
2018-01-11,679,7531,8210
2018-01-12,566,5284,5850
2018-01-13,559,2819,3378
2018-01-14,272,2068,2340
2018-01-15,332,2991,3323
2018-01-16,384,6452,6836
2018-01-17,124,3984,4108
2018-01-18,326,5871,6197
2018-01-19,794,6810,7604
2018-01-20,2284,5749,8033
2018-01-21,1572,4970,6542
2018-01-22,913,8472,9385
2018-01-23,612,7588,8200
2018-01-24,378,7350,7728
2018-01-25,366,6730,7096
2018-01-26,636,6658,7294
2018-01-27,2863,5844,8707
2018-01-28,387,2480,2867
2018-01-29,407,6858,7265
2018-01-30,234,5629,5863
2018-01-31,326,6061,6387
2018-02-01,412,7320,7732
2018-02-02,225,4974,5199
2018-02-03,551,3243,3794
2018-02-04,100,1328,1428
2018-02-05,281,5614,5895
2018-02-06,304,6552,6856
2018-02-07,102,4137,4239
2018-02-08,289,6236,6525
2018-02-09,639,6374,7013
2018-02-10,279,1818,2097
2018-02-11,648,2688,3336
2018-02-12,557,6300,6857
2018-02-13,406,6829,7235
2018-02-14,584,7456,8040
2018-02-15,1194,8565,9759
2018-02-16,808,6114,6922
2018-02-17,696,2425,3121
2018-02-18,2909,4048,6957
2018-02-19,814,3767,4581
2018-02-20,1869,9120,10989
2018-02-21,1990,9816,11806
2018-02-22,657,6637,7294
2018-02-23,818,6063,6881
2018-02-24,1218,4189,5407
2018-02-25,899,3655,4554
2018-02-26,693,7772,8465
2018-02-27,959,8727,9686
2018-02-28,932,8778,9710
2018-03-01,572,7242,7814
2018-03-02,266,2901,3167
2018-03-03,1471,4243,5714
2018-03-04,1985,4528,6513
2018-03-05,1003,6696,7699
2018-03-06,536,6607,7143
2018-03-07,472,6141,6613
2018-03-08,673,7104,7777
2018-03-09,780,6455,7235
2018-03-10,2867,5428,8295
2018-03-11,2985,4759,7744
2018-03-12,838,6448,7286
2018-03-13,846,6598,7444
2018-03-14,531,6335,6866
2018-03-15,1225,7266,8491
2018-03-16,1049,6284,7333
2018-03-17,1577,4068,5645
2018-03-18,3891,5652,9543
2018-03-19,1749,7810,9559
2018-03-20,70,2070,2140
2018-03-21,59,1239,1298
2018-03-22,555,6073,6628
2018-03-23,1425,7097,8522
2018-03-24,3554,6592,10146
2018-03-25,2291,4556,6847
2018-03-26,2115,7360,9475
2018-03-27,1151,6825,7976
2018-03-28,1465,5951,7416
2018-03-29,4127,9555,13682
2018-03-30,3541,7572,11113
2018-03-31,8550,7324,15874
2018-04-01,5077,5391,10468
2018-04-02,1890,7512,9402
2018-04-03,1531,7695,9226
2018-04-04,1618,8291,9909
2018-04-05,2697,9043,11740
2018-04-06,4885,10045,14930
2018-04-07,2256,5325,7581
2018-04-08,3921,6238,10159
2018-04-09,1100,6946,8046
2018-04-10,1759,8749,10508
2018-04-11,1781,9382,11163
2018-04-12,2761,10325,13086
2018-04-13,5124,10972,16096
2018-04-14,10039,9074,19113
2018-04-15,1494,3361,4855
2018-04-16,706,5815,6521
2018-04-17,920,8079,8999
2018-04-18,1828,9567,11395
2018-04-19,1082,7610,8692
2018-04-20,2347,9220,11567
2018-04-21,6183,7857,14040
2018-04-22,5836,7166,13002
2018-04-23,2582,9234,11816
2018-04-24,827,6250,7077
2018-04-25,1242,7932,9174
2018-04-26,3144,10797,13941
2018-04-27,2534,7792,10326
2018-04-28,6867,8034,14901
2018-04-29,3066,5774,8840
2018-04-30,2505,9829,12334
2018-05-01,2913,11214,14127
2018-05-02,2736,11196,13932
2018-05-03,2957,11206,14163
2018-05-04,4044,10076,14120
2018-05-05,4783,7469,12252
2018-05-06,4518,6894,11412
2018-05-07,3319,10503,13822
2018-05-08,2622,11235,13857
2018-05-09,2709,11348,14057
2018-05-10,2649,10399,13048
2018-05-11,4184,10845,15029
2018-05-12,6114,8113,14227
2018-05-13,3081,5175,8256
2018-05-14,2481,8378,10859
2018-05-15,2672,9782,12454
2018-05-16,918,6058,6976
2018-05-17,510,4285,4795
2018-05-18,471,4305,4776
2018-05-19,2044,4754,6798
2018-05-20,5929,8151,14080
2018-05-21,3559,11068,14627
2018-05-22,1422,7205,8627
2018-05-23,3042,11526,14568
2018-05-24,3353,11115,14468
2018-05-25,4417,10408,14825
2018-05-26,5989,6625,12614
2018-05-27,6627,6347,12974
2018-05-28,5276,6862,12138
2018-05-29,2962,10379,13341
2018-05-30,2344,10419,12763
2018-05-31,1658,8472,10130
2018-06-01,3418,10599,14017
2018-06-02,4076,7092,11168
2018-06-03,451,1652,2103
2018-06-04,3666,11097,14763
2018-06-05,2673,11472,14145
2018-06-06,2973,11928,14901
2018-06-07,3590,12116,15706
2018-06-08,4360,11198,15558
2018-06-09,5568,8141,13709
2018-06-10,4611,7331,11942
2018-06-11,2123,8688,10811
2018-06-12,3629,12189,15818
2018-06-13,3077,11650,14727
2018-06-14,3539,11833,15372
2018-06-15,4317,11500,15817
2018-06-16,6391,8794,15185
2018-06-17,4712,7351,12063
2018-06-18,2783,9772,12555
2018-06-19,2059,9976,12035
2018-06-20,2102,9859,11961
2018-06-21,3001,10895,13896
2018-06-22,994,5544,6538
2018-06-23,3915,7275,11190
2018-06-24,4821,7744,12565
2018-06-25,3138,11009,14147
2018-06-26,3025,11749,14774
2018-06-27,2380,10537,12917
2018-06-28,3065,11771,14836
2018-06-29,3582,10455,14037
2018-06-30,4976,8106,13082
2018-07-01,3784,6677,10461
2018-07-02,2696,9146,11842
2018-07-03,3061,9733,12794
2018-07-04,6326,8359,14685
2018-07-05,4025,10199,14224
2018-07-06,4246,10059,14305
2018-07-07,7089,9977,17066
2018-07-08,5897,9050,14947
2018-07-09,3250,11056,14306
2018-07-10,2443,11096,13539
2018-07-11,3041,11293,14334
2018-07-12,3184,11712,14896
2018-07-13,3547,11703,15250
2018-07-14,6461,9294,15755
2018-07-15,4870,8240,13110
2018-07-16,2870,10269,13139
2018-07-17,1954,9993,11947
2018-07-18,3058,12266,15324
2018-07-19,3345,11867,15212
2018-07-20,4330,11683,16013
2018-07-21,759,2035,2794
2018-07-22,2655,5571,8226
2018-07-23,2175,8186,10361
2018-07-24,1216,6364,7580
2018-07-25,1564,8097,9661
2018-07-26,3150,11690,14840
2018-07-27,3154,10378,13532
2018-07-28,6343,9666,16009
2018-07-29,5998,8890,14888
2018-07-30,2411,7824,10235
2018-07-31,2570,10916,13486
2018-08-01,2856,11343,14199
2018-08-02,2221,9637,11858
2018-08-03,2590,8742,11332
2018-08-04,5994,9017,15011
2018-08-05,5142,7786,12928
2018-08-06,3184,9876,13060
2018-08-07,2536,10127,12663
2018-08-08,2580,10962,13542
2018-08-09,3032,11233,14265
2018-08-10,3407,10531,13938
2018-08-11,4724,7753,12477
2018-08-12,3498,6504,10002
2018-08-13,2827,9976,12803
2018-08-14,2781,11629,14410
2018-08-15,2848,11644,14492
2018-08-16,2672,11149,13821
2018-08-17,2685,10049,12734
2018-08-18,5280,8695,13975
2018-08-19,4429,8391,12820
2018-08-20,2830,10322,13152
2018-08-21,1102,8658,9760
2018-08-22,2426,11673,14099
2018-08-23,2717,12464,15181
2018-08-24,3066,11837,14903
2018-08-25,4971,9689,14660
2018-08-26,4264,8156,12420
2018-08-27,1806,10098,11904
2018-08-28,1856,10290,12146
2018-08-29,1545,10373,11918
2018-08-30,1628,10162,11790
2018-08-31,2061,9542,11603
2018-09-01,4083,6749,10832
2018-09-02,5892,8339,14231
2018-09-03,3730,7076,10806
2018-09-04,1351,9574,10925
2018-09-05,1415,11145,12560
2018-09-06,1548,11138,12686
2018-09-07,1323,8094,9417
2018-09-08,1781,6165,7946
2018-09-09,422,2378,2800
2018-09-10,1146,8822,9968
2018-09-11,1475,10629,12104
2018-09-12,1425,10957,12382
2018-09-13,1498,11083,12581
2018-09-14,1884,10980,12864
2018-09-15,3835,9506,13341
2018-09-16,3198,8710,11908
2018-09-17,559,6385,6944
2018-09-18,1036,9589,10625
2018-09-19,1805,11895,13700
2018-09-20,1919,11700,13619
2018-09-21,2120,10594,12714
2018-09-22,4138,9687,13825
2018-09-23,446,2340,2786
2018-09-24,490,5841,6331
2018-09-25,923,9352,10275
2018-09-26,1194,10006,11200
2018-09-27,579,6176,6755
2018-09-28,2120,10889,13009
2018-09-29,4551,10050,14601
2018-09-30,3445,8620,12065
2018-10-01,1572,10937,12509
2018-10-02,1737,11906,13643
2018-10-03,1587,12143,13730
2018-10-04,1584,11715,13299
2018-10-05,2166,11407,13573
2018-10-06,4164,9137,13301
2018-10-07,4517,9017,13534
2018-10-08,2882,9483,12365
2018-10-09,1658,10591,12249
2018-10-10,1616,11457,13073
2018-10-11,648,6324,6972
2018-10-12,2221,11000,13221
2018-10-13,2997,8293,11290
2018-10-14,1931,6108,8039
2018-10-15,959,7562,8521
2018-10-16,1128,10613,11741
2018-10-17,1368,11275,12643
2018-10-18,1325,10254,11579
2018-10-19,1812,10148,11960
2018-10-20,3166,8224,11390
2018-10-21,1691,6015,7706
2018-10-22,1199,9002,10201
2018-10-23,1180,10552,11732
2018-10-24,986,10015,11001
2018-10-25,1044,9296,10340
2018-10-26,738,6742,7480
2018-10-27,774,3950,4724
2018-10-28,2039,6541,8580
2018-10-29,931,8935,9866
2018-10-30,966,10398,11364
2018-10-31,1038,10357,11395
2018-11-01,1328,11104,12432
2018-11-02,1254,8851,10105
2018-11-03,2372,6912,9284
2018-11-04,2231,6853,9084
2018-11-05,306,4093,4399
2018-11-06,298,5725,6023
2018-11-07,746,9172,9918
2018-11-08,884,9536,10420
2018-11-09,418,5012,5430
2018-11-10,1120,4962,6082
2018-11-11,1282,5038,6320
2018-11-12,678,4768,5446
2018-11-13,364,6500,6864
2018-11-14,433,7616,8049
2018-11-15,55,2100,2155
2018-11-16,577,7125,7702
2018-11-17,1461,5702,7163
2018-11-18,1209,5243,6452
2018-11-19,911,8163,9074
2018-11-20,699,7655,8354
2018-11-21,779,5966,6745
2018-11-22,352,1581,1933
2018-11-23,504,2247,2751
2018-11-24,153,1346,1499
2018-11-25,1340,4947,6287
2018-11-26,261,5548,5809
2018-11-27,241,6370,6611
2018-11-28,186,5954,6140
2018-11-29,287,6542,6829
2018-11-30,448,6568,7016
2018-12-01,756,5714,6470
2018-12-02,1100,8566,9666
2018-12-03,935,15419,16354
2018-12-04,384,9095,9479
2018-12-05,406,6100,6506
2018-12-06,326,6626,6952
2018-12-07,327,6239,6566
2018-12-08,486,3934,4420
2018-12-09,344,3203,3547
2018-12-10,267,5838,6105
2018-12-11,399,6596,6995
2018-12-12,422,7152,7574
2018-12-13,511,7694,8205
2018-12-14,407,6009,6416
2018-12-15,94,1114,1208
2018-12-16,173,2190,2363
2018-12-17,614,7158,7772
2018-12-18,380,7134,7514
2018-12-19,399,7067,7466
2018-12-20,156,4243,4399
2018-12-21,469,5227,5696
2018-12-22,602,3108,3710
2018-12-23,703,2567,3270
2018-12-24,435,2057,2492
2018-12-25,548,1196,1744
2018-12-26,743,3009,3752
2018-12-27,1150,4280,5430
2018-12-28,166,1959,2125
2018-12-29,1756,4252,6008
2018-12-30,1295,3634,4929
2018-12-31,229,2172,2401
2019-01-01,1083,3457,4540
2019-01-02,660,5907,6567
2019-01-03,938,6666,7604
2019-01-04,848,6514,7362
2019-01-05,701,4405,5106
2019-01-06,1149,4901,6050
2019-01-07,236,5980,6216
2019-01-08,490,7165,7655
2019-01-09,280,6128,6408
2019-01-10,176,5386,5562
2019-01-11,240,5437,5677
2019-01-12,365,3264,3629
2019-01-13,41,587,628
2019-01-14,70,1452,1522
2019-01-15,105,3674,3779
2019-01-16,167,4775,4942
2019-01-17,158,4927,5085
2019-01-18,396,5336,5732
2019-01-19,519,3047,3566
2019-01-20,246,2344,2590
2019-01-21,53,1539,1592
2019-01-22,139,4446,4585
2019-01-23,264,6444,6708
2019-01-24,82,3794,3876
2019-01-25,294,5969,6263
2019-01-26,559,3935,4494
2019-01-27,551,3949,4500
2019-01-28,239,6086,6325
2019-01-29,127,4208,4335
2019-01-30,78,3942,4020
2019-01-31,83,3779,3862
2019-02-01,43,2424,2467
2019-02-02,367,3053,3420
2019-02-03,681,4371,5052
2019-02-04,550,7247,7797
2019-02-05,743,8470,9213
2019-02-06,397,6547,6944
2019-02-07,523,7328,7851
2019-02-08,417,6234,6651
2019-02-09,456,3571,4027
2019-02-10,468,3456,3924
2019-02-11,72,3172,3244
2019-02-12,40,2545,2585
2019-02-13,270,7033,7303
2019-02-14,406,7046,7452
2019-02-15,1147,8030,9177
2019-02-16,1235,4466,5701
2019-02-17,796,3195,3991
2019-02-18,639,3950,4589
2019-02-19,308,6011,6319
2019-02-20,32,909,941
2019-02-21,500,6091,6591
2019-02-22,619,6564,7183
2019-02-23,242,2512,2754
2019-02-24,809,4389,5198
2019-02-25,239,5683,5922
2019-02-26,391,7169,7560
2019-02-27,270,6561,6831
2019-02-28,433,7010,7443
2019-03-01,197,3872,4069
2019-03-02,981,4390,5371
2019-03-03,234,2075,2309
2019-03-04,365,5900,6265
2019-03-05,463,6297,6760
2019-03-06,190,5347,5537
2019-03-07,381,6248,6629
2019-03-08,251,4444,4695
2019-03-09,1015,4591,5606
2019-03-10,1533,4997,6530
2019-03-11,1088,8527,9615
2019-03-12,748,8187,8935
2019-03-13,976,8230,9206
2019-03-14,1823,9755,11578
2019-03-15,1886,9787,11673
2019-03-16,2109,6619,8728
2019-03-17,1868,5792,7660
2019-03-18,608,7411,8019
2019-03-19,848,8623,9471
2019-03-20,896,9094,9990
2019-03-21,50,2003,2053
2019-03-22,460,6430,6890
2019-03-23,1737,5935,7672
2019-03-24,3025,7858,10883
2019-03-25,877,8046,8923
2019-03-26,835,8434,9269
2019-03-27,931,8871,9802
2019-03-28,1409,10069,11478
2019-03-29,1988,10724,12712
2019-03-30,5784,12127,17911
2019-03-31,1598,5974,7572
2019-04-01,826,8039,8865
2019-04-02,576,7319,7895
2019-04-03,1888,11254,13142
2019-04-04,2108,11135,13243
2019-04-05,537,5371,5908
2019-04-06,6121,12225,18346
2019-04-07,4507,10390,14897
2019-04-08,1390,9565,10955
2019-04-09,1473,11552,13025
2019-04-10,1345,11376,12721
2019-04-11,1153,10699,11852
2019-04-12,929,8699,9628
2019-04-13,4204,10414,14618
2019-04-14,2797,7116,9913
2019-04-15,1085,7186,8271
2019-04-16,1863,10035,11898
2019-04-17,1888,10559,12447
2019-04-18,2279,10673,12952
2019-04-19,1308,7064,8372
2019-04-20,4784,9530,14314
2019-04-21,3401,7595,10996
2019-04-22,1736,10473,12209
2019-04-23,1588,11655,13243
2019-04-24,1544,11690,13234
2019-04-25,1711,10628,12339
2019-04-26,930,7878,8808
2019-04-27,3189,8863,12052
2019-04-28,2381,7495,9876
2019-04-29,1137,9035,10172
2019-04-30,1166,10635,11801
2019-05-01,1245,10696,11941
2019-05-02,1125,8769,9894
2019-05-03,1718,10746,12464
2019-05-04,2678,8356,11034
2019-05-05,318,2371,2689
2019-05-06,1359,10343,11702
2019-05-07,1382,10900,12282
2019-05-08,1234,10385,11619
2019-05-09,1039,10400,11439
2019-05-10,1236,9341,10577
2019-05-11,1809,6428,8237
2019-05-12,445,2864,3309
2019-05-13,568,6038,6606
2019-05-14,1069,9857,10926
2019-05-15,1372,10956,12328
2019-05-16,1604,10643,12247
2019-05-17,2051,11491,13542
2019-05-18,3465,9391,12856
2019-05-19,2868,8447,11315
2019-05-20,1530,9958,11488
2019-05-21,1381,11429,12810
2019-05-22,1383,11318,12701
2019-05-23,1154,10208,11362
2019-05-24,1887,10675,12562
2019-05-25,3615,8256,11871
2019-05-26,3609,7655,11264
2019-05-27,3227,8032,11259
2019-05-28,1264,8752,10016
2019-05-29,1207,10794,12001
2019-05-30,993,9541,10534
2019-05-31,1790,11039,12829
2019-06-01,3105,9127,12232
2019-06-02,2369,7460,9829
2019-06-03,1730,11016,12746
2019-06-04,1633,11977,13610
2019-06-05,1265,11113,12378
2019-06-06,1393,11216,12609
2019-06-07,1903,11647,13550
2019-06-08,3380,10351,13731
2019-06-09,1195,4988,6183
2019-06-10,747,7594,8341
2019-06-11,1538,11443,12981
2019-06-12,1450,11171,12621
2019-06-13,838,8651,9489
2019-06-14,2035,11613,13648
2019-06-15,3098,9736,12834
2019-06-16,2427,7912,10339
2019-06-17,1039,8983,10022
2019-06-18,851,8761,9612
2019-06-19,1303,10936,12239
2019-06-20,1246,10113,11359
2019-06-21,2127,11322,13449
2019-06-22,3532,10292,13824
2019-06-23,2858,9137,11995
2019-06-24,1394,9536,10930
2019-06-25,1350,10984,12334
2019-06-26,1353,11228,12581
2019-06-27,1169,10109,11278
2019-06-28,1638,10292,11930
2019-06-29,2425,8413,10838
2019-06-30,2374,8258,10632
2019-07-01,1532,10854,12386
2019-07-02,1227,9550,10777
2019-07-03,1649,10929,12578
2019-07-04,2865,7469,10334
2019-07-05,2878,9268,12146
2019-07-06,2649,7523,10172
2019-07-07,2199,7849,10048
2019-07-08,868,7550,8418
2019-07-09,1383,11589,12972
2019-07-10,1345,11284,12629
2019-07-11,776,7892,8668
2019-07-12,1863,11481,13344
2019-07-13,2960,9987,12947
2019-07-14,2441,8447,10888
2019-07-15,1603,10665,12268
2019-07-16,1370,10761,12131
2019-07-17,1000,9296,10296
2019-07-18,1621,10912,12533
2019-07-19,1681,10393,12074
2019-07-20,2295,8156,10451
2019-07-21,1579,6475,8054
2019-07-22,1022,9638,10660
2019-07-23,1072,8671,9743
2019-07-24,1413,10961,12374
2019-07-25,1605,11776,13381
2019-07-26,1986,11554,13540
2019-07-27,3145,9934,13079
2019-07-28,2341,8688,11029
2019-07-29,1467,10685,12152
2019-07-30,1369,11086,12455
2019-07-31,1287,10831,12118
2019-08-01,1503,11319,12822
2019-08-02,1623,10644,12267
2019-08-03,2728,9189,11917
2019-08-04,2508,8830,11338
2019-08-05,1456,10506,11962
2019-08-06,1334,10743,12077
2019-08-07,1257,10102,11359
2019-08-08,1516,11267,12783
2019-08-09,1840,11083,12923
2019-08-10,3094,9617,12711
2019-08-11,2698,9168,11866
2019-08-12,1662,10353,12015
2019-08-13,1071,10221,11292
2019-08-14,1424,10934,12358
2019-08-15,1157,9815,10972
2019-08-16,1599,10710,12309
2019-08-17,2609,8395,11004
2019-08-18,1816,7776,9592
2019-08-19,1095,9450,10545
2019-08-20,710,8180,8890
2019-08-21,1091,10577,11668
2019-08-22,1154,10568,11722
2019-08-23,732,7444,8176
2019-08-24,2517,9999,12516
2019-08-25,2334,9210,11544
2019-08-26,1182,10503,11685
2019-08-27,1035,11195,12230
2019-08-28,1006,10389,11395
2019-08-29,1318,11386,12704
2019-08-30,1477,10657,12134
2019-08-31,2731,8537,11268
2019-09-01,3070,8935,12005
2019-09-02,1825,7257,9082
2019-09-03,997,10875,11872
2019-09-04,870,10875,11745
2019-09-05,1028,11530,12558
2019-09-06,1236,11265,12501
2019-09-07,2290,10202,12492
2019-09-08,1981,8755,10736
2019-09-09,1001,10891,11892
2019-09-10,987,11552,12539
2019-09-11,902,10559,11461
2019-09-12,919,10976,11895
2019-09-13,1155,11342,12497
2019-09-14,2231,9722,11953
2019-09-15,1996,8943,10939
2019-09-16,948,10766,11714
2019-09-17,907,11455,12362
2019-09-18,1032,11855,12887
2019-09-19,1051,12256,13307
2019-09-20,1623,12243,13866
2019-09-21,2602,10629,13231
2019-09-22,2023,9031,11054
2019-09-23,955,10637,11592
2019-09-24,1138,11977,13115
2019-09-25,1062,11902,12964
2019-09-26,1173,11795,12968
2019-09-27,1349,11780,13129
2019-09-28,2115,9648,11763
2019-09-29,2014,8616,10630
2019-09-30,499,8977,9476
2019-10-01,869,11831,12700
2019-10-02,827,11110,11937
2019-10-03,996,11579,12575
2019-10-04,1303,11879,13182
2019-10-05,1956,10371,12327
2019-10-06,1573,8495,10068
2019-10-07,1118,11564,12682
2019-10-08,732,11275,12007
2019-10-09,924,11348,12272
2019-10-10,1050,11534,12584
2019-10-11,1450,11326,12776
2019-10-12,2644,9011,11655
2019-10-13,1977,7622,9599
2019-10-14,1617,9656,11273
2019-10-15,1063,11443,12506
2019-10-16,321,7510,7831
2019-10-17,632,9782,10414
2019-10-18,1258,10117,11375
2019-10-19,1980,8466,10446
2019-10-20,139,1396,1535
2019-10-21,980,10418,11398
2019-10-22,285,7108,7393
2019-10-23,860,11275,12135
2019-10-24,979,11238,12217
2019-10-25,1352,11229,12581
2019-10-26,1866,9201,11067
2019-10-27,1205,6358,7563
2019-10-28,885,10697,11582
2019-10-29,741,10916,11657
2019-10-30,575,8915,9490
2019-10-31,347,8378,8725
